IdSession,IdPSX,IdSubscriber,StartSession,EndSession,Duartion,UpTx,DownTx
33706,5,42146,05-01-2024 19:21:49,,25691,110990535,120327506
34707,5,96502,06-01-2024 02:22:11,,469,5566206,8165399
34094,5,7910,05-01-2024 22:01:58,,16082,1465670617,1633659621
34619,5,89840,06-01-2024 01:49:20,,2440,5544582,5682171
34343,5,36932,05-01-2024 23:47:07,,9773,567503597,660370417
34471,5,73563,06-01-2024 00:36:21,,6819,92417032,94017316
33417,5,25360,05-01-2024 17:23:11,,32809,1149852438,1405309801
33240,5,45193,05-01-2024 16:04:51,,37509,14458625872,27072078547
32951,5,37706,05-01-2024 14:00:18,,44982,891734253,906133364
34644,5,95300,06-01-2024 01:50:44,,2356,64600425,88001306
34594,5,29731,06-01-2024 01:38:49,,3071,4622233,5526503
34284,5,67589,05-01-2024 23:26:41,,10999,330604134,437815292
33142,5,23552,05-01-2024 15:24:13,,39947,1324437485,1889017636
33722,5,16893,05-01-2024 19:33:22,,24998,390307309,507354642
32596,5,44658,05-01-2024 11:30:20,,53980,6290796251,11758389161
33262,5,68133,05-01-2024 16:19:01,,36659,482896350,635000677
33848,5,16714,05-01-2024 20:20:11,,22189,258606172,267442486
32727,5,27552,05-01-2024 12:38:37,,49883,1246315427,1428159688
34166,5,44903,05-01-2024 22:34:46,,14114,6073162565,13327289937
34684,5,22021,06-01-2024 02:15:20,,880,5983620,6402629
34116,5,55414,05-01-2024 22:18:41,,15079,5944929486,12621433099
33377,5,48539,05-01-2024 17:00:06,,34194,2557550671,7332364025
33292,5,38438,05-01-2024 16:26:01,,36239,2352141279,2759277831
34557,5,86874,06-01-2024 01:18:47,,4273,48729801,50211771
34595,5,4003,06-01-2024 01:34:30,,3330,20234786,29462202
34344,5,18395,05-01-2024 23:44:48,,9912,79009588,89771737
34425,5,37940,06-01-2024 00:13:39,,8181,210461830,241384848
33626,5,82692,05-01-2024 18:50:40,,27560,752867656,1079302906
33378,5,94027,05-01-2024 17:09:58,,33602,24247815,27815557
34645,5,32528,06-01-2024 01:57:05,,1975,109758996,113806961
34375,5,30697,05-01-2024 23:54:14,,9346,50547271,68258534
33883,5,24421,05-01-2024 20:37:38,,21142,5711157910,12996589032
32554,5,56086,05-01-2024 11:12:23,,55057,2938981793,3120893741
33768,5,95317,05-01-2024 19:51:20,,23920,227587374,262381742
33469,5,29907,05-01-2024 17:40:57,,31743,784377503,860056425
33723,5,25858,05-01-2024 19:33:06,,25014,8105808181,22460525772
32730,5,40830,05-01-2024 12:35:59,,50041,779143173,869574322
34022,5,26937,05-01-2024 21:33:59,,17761,51833975,76727967
34237,5,69960,05-01-2024 23:05:03,,12297,632054213,943850884
34669,5,65074,06-01-2024 02:09:09,,1251,2269321,2628213
34001,5,84419,05-01-2024 21:23:32,,18388,9047629,12835516
34002,5,78674,05-01-2024 21:28:18,,18102,58043778,73863370
32952,5,90979,05-01-2024 14:02:09,,44871,143660255,198109601
33076,5,93908,05-01-2024 14:56:07,,41633,1995863727,2689853398
32783,5,65339,05-01-2024 12:59:26,,48634,229943065,243337451
34450,5,7466,06-01-2024 00:23:22,,7598,14629774,19511645
34263,5,27197,05-01-2024 23:11:38,,11902,209597860,256466233
32477,5,92102,05-01-2024 10:43:18,,56802,1904870634,2202187944
33052,5,92078,05-01-2024 14:40:13,,42587,48107910,62903932
33241,5,33139,05-01-2024 16:00:55,,37745,173009442,179299887
34426,5,74322,06-01-2024 00:16:03,,8037,5702532,5881974
34498,5,71338,06-01-2024 00:47:48,,6132,82215920,84768694
33168,5,34332,05-01-2024 15:39:27,,39033,1235511015,1568085181
33931,5,76750,05-01-2024 20:58:05,,19915,996034164,1381575155
33932,5,39428,05-01-2024 20:53:41,,20179,748374471,772194702
33961,5,9566,05-01-2024 21:08:53,,19267,1167477326,1292180335
33962,5,87524,05-01-2024 21:00:04,,19796,347008795,450075876
34523,5,26501,06-01-2024 00:55:00,,5700,166902014,182209719
32478,5,8457,05-01-2024 10:41:06,,56934,1340831238,1861571818
33751,5,55737,05-01-2024 19:49:27,,24033,2120169424,2313849550
33470,5,65017,05-01-2024 17:44:22,,31538,2458174889,1896478395
32674,5,95846,05-01-2024 12:05:08,,51892,2309514658,3111411912
34309,5,64840,05-01-2024 23:38:37,,10283,250590582,268609160
34096,5,56447,05-01-2024 22:06:50,,15790,103005004,106167027
32953,5,48571,05-01-2024 14:04:02,,44758,175040015,177330661
34620,5,5679,06-01-2024 01:45:29,,2671,156473111,234107115
33488,5,14645,05-01-2024 17:51:01,,31139,754367003,759727765
33904,5,7032,05-01-2024 20:40:24,,20976,1341051401,1366778102
32869,5,62904,05-01-2024 13:29:35,,46825,1712272574,2372790391
33489,5,20236,05-01-2024 17:57:29,06-01-2024 02:23:28,30359,1098170133,1182910243
34708,5,20236,06-01-2024 02:24:49,,311,7646365,9987210
34621,5,71660,06-01-2024 01:43:07,,2813,581908185,1132257269
34472,5,87557,06-01-2024 00:38:14,,6706,7243500,9427215
32870,5,58735,05-01-2024 13:27:01,,46979,2378514480,2392532998
34577,5,49459,06-01-2024 01:28:58,,3662,31003455,33240934
34188,5,52095,05-01-2024 22:45:42,,13458,2981259365,8702376060
32555,5,77704,05-01-2024 11:16:40,,54800,8631102269,5855383910
34023,5,93757,05-01-2024 21:39:59,,17401,97861089,131751868
33707,5,71986,05-01-2024 19:27:07,,25373,359510199,506712201
32597,5,5302,05-01-2024 11:32:39,,53841,2361420899,3011683196
32980,5,57893,05-01-2024 14:15:41,,44059,21036664004,40941064935
32598,5,57951,05-01-2024 11:38:27,,53493,2837138772,3520150690
32451,5,77780,05-01-2024 10:38:56,,57064,1729834775,2168242445
34558,5,76323,06-01-2024 01:19:25,,4235,19960320,22125940
33053,5,65607,05-01-2024 14:43:15,,42405,498060179,546715447
34376,5,22873,05-01-2024 23:50:10,,9590,125124798,164709961
34345,5,93849,05-01-2024 23:45:50,,9850,377790128,463140788
34117,5,22822,05-01-2024 22:10:00,,15600,6202727355,12663080737
34310,5,89219,05-01-2024 23:37:08,,10372,51792612,66600152
33752,5,37692,05-01-2024 19:46:35,,24205,292086055,402219500
34003,5,45655,05-01-2024 21:25:19,06-01-2024 02:26:33,18074,2307619169,4948754574
32599,5,11714,05-01-2024 11:31:13,,53927,899957943,1123689272
34499,5,86576,06-01-2024 00:40:44,,6556,150265266,192676266
34346,5,97256,05-01-2024 23:42:49,,10031,2393006600,5234989679
33096,5,79762,05-01-2024 15:03:36,,41184,875756908,1177496303
33850,5,55687,05-01-2024 20:25:16,,21884,775537750,1125407051
33677,5,28577,05-01-2024 19:10:53,,26347,112563520,132263664
34118,5,71058,05-01-2024 22:18:06,,15114,253312471,358006534
33708,5,20615,05-01-2024 19:28:59,,25261,217812723,276718666
33311,5,45322,05-01-2024 16:36:20,,35620,337916053,400260817
33650,5,95705,05-01-2024 19:01:28,,26912,79540526,114377772
34068,5,31727,05-01-2024 21:55:10,,16490,58448317,64227275
34541,5,20490,06-01-2024 01:09:36,,4824,38941103,44926871
32430,5,67398,05-01-2024 10:24:34,,57926,16171757377,44731452985
34409,5,31355,06-01-2024 00:06:16,,8624,139034026,162162403
33852,5,45142,05-01-2024 20:27:40,,21740,711190419,945584888
33542,5,85341,05-01-2024 18:14:26,,29734,1008473743,1477360304
32600,5,8529,05-01-2024 11:34:54,,53706,2134848152,2261780188
32955,5,88749,05-01-2024 14:01:02,,44938,436137592,592607817
34189,5,48832,05-01-2024 22:43:51,,13569,630919635,846875568
33753,5,93686,05-01-2024 19:44:43,,24317,909651353,999114412
32815,5,79694,05-01-2024 13:04:23,,48337,2088845071,2708260007
33627,5,12921,05-01-2024 18:59:24,,27036,265108058,389824623
33906,5,48839,05-01-2024 20:47:02,,20578,1130200801,675122997
34596,5,11821,06-01-2024 01:32:18,,3462,105165610,122769586
34500,5,82724,06-01-2024 00:44:59,,6301,253526395,316300742
33981,5,79996,05-01-2024 21:18:16,,18704,132004002,138163697
33907,5,87670,05-01-2024 20:46:17,,20623,1205021608,1209099615
34377,5,7494,05-01-2024 23:55:53,,9247,2880816013,5589611020
34685,5,68773,06-01-2024 02:15:07,,893,21686890,23114514
33982,5,46415,05-01-2024 21:17:26,,18754,891817778,997536281
32531,5,64609,05-01-2024 11:09:44,,55216,2675148072,3230283107
34686,5,89852,06-01-2024 02:11:27,,1113,29960422,43257222
33588,5,33097,05-01-2024 18:33:53,,28567,3875310256,2776792240
33822,5,15871,05-01-2024 20:15:49,,22451,529701512,557973973
34646,5,48055,06-01-2024 01:53:08,,2212,218904250,232515266
34622,5,87626,06-01-2024 01:48:28,,2492,583058489,1484632552
34559,5,49509,06-01-2024 01:10:24,,4776,129220955,137013881
34264,5,99404,05-01-2024 23:18:32,,11488,590033025,827616105
33853,5,44192,05-01-2024 20:26:03,,21837,91268252,119581397
33294,5,21838,05-01-2024 16:23:12,,36408,1572016862,1805469176
34647,5,72592,06-01-2024 01:56:39,,2001,121237787,178271790
34709,5,91621,06-01-2024 02:21:44,,496,8128686,9823220
34024,5,62327,05-01-2024 21:36:28,,17612,2001996908,4628071810
33399,5,76594,05-01-2024 17:16:33,,33207,511840941,560688718
33589,5,45264,05-01-2024 18:38:47,,28273,2056902242,2745635881
32910,5,20449,05-01-2024 13:47:22,,45758,1160478107,1607587104
33264,5,59398,05-01-2024 16:14:45,,36915,2377673637,2717290692
33823,5,52746,05-01-2024 20:12:35,,22645,6662216469,4570938794
33678,5,89340,05-01-2024 19:13:58,,26162,9152707,13097160
32336,5,36966,05-01-2024 09:47:39,,60141,1757340437,1945761929
34378,5,95904,05-01-2024 23:52:34,,9446,112794668,125237903
33098,5,54500,05-01-2024 15:06:46,,40994,1272853272,1897502145
32091,5,46060,05-01-2024 08:00:55,,66545,2293085795,3409283466
34311,5,96018,05-01-2024 23:35:21,,10479,2915218679,8289024472
33214,5,59479,05-01-2024 15:51:52,,38288,4893316875,5114220483
32480,5,88204,05-01-2024 10:40:55,,56945,1748397612,1918653521
33726,5,42881,05-01-2024 19:31:36,,25104,443656453,455275230
33295,5,60162,05-01-2024 16:23:25,,36395,349203162,436775996
33312,5,67940,05-01-2024 16:38:19,,35501,1126719676,1266698838
33054,5,59777,05-01-2024 14:41:00,,42540,3449722430,3620406162
32817,5,8699,05-01-2024 13:08:21,,48099,491486309,533392468
32818,5,39663,05-01-2024 13:08:02,,48118,1288537148,1842381118
34710,5,73434,06-01-2024 02:22:55,,425,10214850,11669827
34597,5,15802,06-01-2024 01:35:10,,3290,81193533,115177479
34598,5,31484,06-01-2024 01:33:26,,3394,118412328,159880019
33313,5,26671,05-01-2024 16:31:12,,35928,897117052,1092574049
33010,5,93242,05-01-2024 14:25:38,,43462,286643760,352338323
32732,5,33336,05-01-2024 12:34:07,,50153,1225755303,1592648527
34167,5,6973,05-01-2024 22:31:45,,14295,461089151,585657658
32408,5,32847,05-01-2024 10:19:53,,58207,2165160353,3182020217
34004,5,88785,05-01-2024 21:22:45,,18435,523702615,652929584
34599,5,91254,06-01-2024 01:31:49,,3491,61419068,80538032
32985,5,74171,05-01-2024 14:14:50,,44110,13632566180,32835875956
33754,5,35462,05-01-2024 19:42:23,,24457,764772415,927036333
34501,5,30029,06-01-2024 00:44:23,,6337,2381834036,4927892702
33709,5,8417,05-01-2024 19:22:17,,25663,121983447,156032711
32986,5,36183,05-01-2024 14:10:23,,44377,1149636554,1609179541
34427,5,38406,06-01-2024 00:18:34,,7886,395228964,457332130
34451,5,61324,06-01-2024 00:20:00,,7800,144437323,193383130
34168,5,94964,05-01-2024 22:34:00,,14160,423544377,467201593
33590,5,64476,05-01-2024 18:34:07,,28553,8778332071,23406963703
34265,5,27383,05-01-2024 23:15:49,,11651,1117192958,1374383440
33983,5,71280,05-01-2024 21:18:11,,18709,386238470,460776933
34524,5,53901,06-01-2024 00:55:39,,5661,174366876,179605785
32244,5,75367,05-01-2024 09:01:28,,62912,3226830243,4127070401
32734,5,45420,05-01-2024 12:31:53,,50287,1788140794,1985084609
34069,5,89757,05-01-2024 21:51:01,,16739,125653196,137125873
34119,5,74963,05-01-2024 22:15:04,,15296,106740911,129878642
32987,5,28635,05-01-2024 14:14:54,,44106,1129705174,1379275750
34670,5,79163,06-01-2024 02:06:05,,1435,2964266,4309454
34097,5,20431,05-01-2024 22:07:44,,15736,153723747,187500431
34144,5,97441,05-01-2024 22:27:47,,14533,786874341,802195897
33441,5,29172,05-01-2024 17:37:52,,31928,1324649086,1705822524
34379,5,61762,05-01-2024 23:52:00,,9480,49085255,64439239
34347,5,76936,05-01-2024 23:42:34,,10046,545083778,615464178
34312,5,25043,05-01-2024 23:33:54,,10566,89496871,100881633
34600,5,58431,06-01-2024 01:33:13,,3407,66311826,76986629
33679,5,42332,05-01-2024 19:17:27,,25953,792531768,837840654
32452,5,17956,05-01-2024 10:31:21,,57519,1435725897,1679220580
32055,5,12872,05-01-2024 07:48:00,,67320,4203412395,5685959196
34410,5,37210,06-01-2024 00:08:21,,8499,22717371,26096611
34348,5,52417,05-01-2024 23:41:02,,10138,411690188,478236157
33884,5,45370,05-01-2024 20:31:29,,21511,463659801,567036302
32368,5,88439,05-01-2024 09:58:58,,59462,8854138103,24453217416
32433,5,63069,05-01-2024 10:20:16,,58184,16482203593,30872114813
33800,5,54653,05-01-2024 20:03:06,,23214,491172224,527779028
33518,5,4306,05-01-2024 18:09:22,,30038,339217622,436687363
34452,5,88911,06-01-2024 00:25:47,,7453,88714121,102587698
34349,5,88172,05-01-2024 23:40:27,,10173,109235792,110746830
32164,5,68763,05-01-2024 08:34:36,06-01-2024 02:28:20,64424,231261066,248790651
33727,5,5318,05-01-2024 19:35:28,,24872,3124902396,2055975270
34211,5,32498,05-01-2024 22:59:54,,12606,196843158,267581183
33680,5,85739,05-01-2024 19:12:22,,26258,199175954,203214319
34474,5,10153,06-01-2024 00:32:04,,7076,199020087,241985806
32388,5,58048,05-01-2024 10:03:46,,59174,2025054545,2457182400
34578,5,25486,06-01-2024 01:20:27,,4173,96560383,135824237
32434,5,14605,05-01-2024 10:27:42,,57738,789427781,999891928
33492,5,35777,05-01-2024 17:53:58,,30962,2718223067,3134563435
33443,5,39775,05-01-2024 17:30:43,06-01-2024 02:26:29,32146,691828886,833753437
34711,5,39775,06-01-2024 02:28:06,,114,7341119,10264076
34212,5,9732,05-01-2024 22:52:49,,13031,685407021,820193756
34475,5,12131,06-01-2024 00:39:47,,6613,69300867,94571728
33444,5,61133,05-01-2024 17:36:10,,32030,528093348,686586697
34238,5,69795,05-01-2024 23:05:33,,12267,52747192,57342683
34213,5,68250,05-01-2024 22:50:50,,13150,158470788,159742169
34350,5,41933,05-01-2024 23:46:13,,9827,91603173,128151909
33543,5,32044,05-01-2024 18:13:31,,29789,9156989899,20499273602
32711,5,36682,05-01-2024 12:22:25,,50855,1582176373,1787938377
32819,5,63509,05-01-2024 13:05:27,,48273,1000406772,1080215934
32337,5,97763,05-01-2024 09:49:14,,60046,151833187,190277793
34380,5,79901,05-01-2024 23:51:11,,9529,66101433,68794412
34476,5,5434,06-01-2024 00:31:37,,7103,3155484168,6651959900
34623,5,99649,06-01-2024 01:45:15,,2685,258672173,293133748
33612,5,23713,05-01-2024 18:45:00,,27900,1180010208,1281702011
33356,5,80340,05-01-2024 16:52:48,,34632,1087581875,1516631484
34048,5,75831,05-01-2024 21:43:47,,17173,486081071,632795312
34351,5,79871,05-01-2024 23:44:19,,9941,666177946,948097191
33445,5,16713,05-01-2024 17:34:25,,32135,1207479393,1432330959
34542,5,90879,06-01-2024 01:06:54,,4986,131176812,150648283
32871,5,69301,05-01-2024 13:28:39,,46881,1454036389,1657986940
34543,5,19035,06-01-2024 01:04:29,,5131,17406105,23982780
33885,5,55527,05-01-2024 20:37:16,,21164,1284777921,1356691151
34190,5,15797,05-01-2024 22:42:43,,13637,5544827,5817245
34049,5,51354,05-01-2024 21:42:22,,17258,35221750,48961108
33544,5,92190,05-01-2024 18:17:57,,29523,806556283,1101472889
32895,5,6027,05-01-2024 13:36:26,,46414,315851180,366047203
33118,5,17705,05-01-2024 15:12:22,,40658,8162204003,19966404863
32911,5,69310,05-01-2024 13:45:29,,45871,9993061394,24796060691
33421,5,58509,05-01-2024 17:22:50,,32830,665825466,700935142
34477,5,86255,06-01-2024 00:36:36,,6804,53413866,54495457
32847,5,72430,05-01-2024 13:15:57,,47643,2056027859,2855944297
32582,5,73599,05-01-2024 11:20:37,,54563,5437736808,5552381593
33681,5,76768,05-01-2024 19:13:36,,26184,195685121,279552598
34098,5,89962,05-01-2024 22:09:17,,15643,287551966,328349820
33771,5,48076,05-01-2024 19:52:04,,23876,1021537589,1098106983
33265,5,25145,05-01-2024 16:10:05,,37195,15401703982,34509412468
34579,5,64052,06-01-2024 01:20:59,,4141,51499843,71816528
33357,5,70290,05-01-2024 16:59:08,,34252,257180244,263729242
32788,5,11029,05-01-2024 12:52:35,,49045,122790055,149652083
33011,5,76198,05-01-2024 14:23:09,,43611,815982059,1166056611
32602,5,49540,05-01-2024 11:34:47,,53713,1897639177,1987412305
33119,5,12639,05-01-2024 15:15:58,,40442,3633070012,4795273896
33728,5,73950,05-01-2024 19:38:24,,24696,613021143,785394379
33629,5,97382,05-01-2024 18:52:04,,27476,1589148387,1776861101
33243,5,4777,05-01-2024 16:08:13,,37307,1926724763,2842662098
32821,5,79293,05-01-2024 13:02:31,,48449,711252886,1045170343
34191,5,88185,05-01-2024 22:42:22,,13658,145021899,196452880
33630,5,44769,05-01-2024 18:55:38,,27262,577909432,866492898
32076,5,40131,05-01-2024 07:50:40,,67160,763617907,909503917
34121,5,4356,05-01-2024 22:19:25,,15035,627140860,641069738
33520,5,36554,05-01-2024 18:08:53,,30067,758009724,1050346213
32896,5,33792,05-01-2024 13:37:53,,46327,1227195664,1727617205
34381,5,25967,05-01-2024 23:52:13,,9467,329460828,436207556
34478,5,18727,06-01-2024 00:39:31,,6629,35600672,43542728
33056,5,67493,05-01-2024 14:43:45,,42375,4756274690,13345931998
33908,5,36177,05-01-2024 20:40:17,,20983,4791346375,11721897495
34601,5,70832,06-01-2024 01:34:57,,3303,71881415,72669563
33886,5,31024,05-01-2024 20:34:33,,21327,56628131,67775960
34525,5,46351,06-01-2024 00:57:06,,5574,106549480,141563297
34648,5,8766,06-01-2024 01:57:02,,1978,23554668,28092359
34687,5,72652,06-01-2024 02:16:53,,787,25507543,27955783
34169,5,40833,05-01-2024 22:36:45,,13995,921491269,944616349
34352,5,67092,05-01-2024 23:48:55,,9665,584629617,613229551
33856,5,79826,05-01-2024 20:23:58,,21962,735236210,764791931
34560,5,35887,06-01-2024 01:12:49,,4631,98066942,138939768
32736,5,7051,05-01-2024 12:31:25,,50315,952976565,1275793397
34285,5,62413,05-01-2024 23:25:38,,11062,390112357,393992347
34192,5,77875,05-01-2024 22:40:47,,13753,193157383,249356640
33521,5,48337,05-01-2024 18:08:04,,30116,3709321460,4107555061
33824,5,15870,05-01-2024 20:19:14,,22246,452087449,592284367
34428,5,99307,06-01-2024 00:16:20,,8020,40581433,50381774
32409,5,19289,05-01-2024 10:12:50,06-01-2024 02:27:38,58488,3680068726,3785803078
34353,5,7475,05-01-2024 23:42:04,,10076,187721363,221495305
33547,5,89864,05-01-2024 18:13:26,,29794,1309686924,744570356
34239,5,60202,05-01-2024 23:04:17,,12343,222755662,245192916
34544,5,64866,06-01-2024 01:01:22,,5318,62907414,75989321
32559,5,36867,05-01-2024 11:16:29,,54811,307755583,449454186
34502,5,64728,06-01-2024 00:46:54,,6186,194013565,222277043
33079,5,84069,05-01-2024 14:52:49,,41831,16539248120,30854643364
34602,5,74380,06-01-2024 01:37:31,,3149,169739930,171812755
34193,5,15297,05-01-2024 22:47:21,,13359,1250466974,1477131248
33013,5,7918,05-01-2024 14:28:58,,43262,13306284544,28645708651
33359,5,15608,05-01-2024 16:59:11,,34249,445899086,518724785
32455,5,67996,05-01-2024 10:39:29,,57031,7027690445,17148664166
34603,5,59872,06-01-2024 01:37:03,,3177,103527092,120991924
34526,5,54647,06-01-2024 00:54:57,,5703,86772105,118294265
34214,5,17305,05-01-2024 22:57:51,,12729,43601210,45185424
33857,5,58347,05-01-2024 20:27:36,,21744,7247833760,13825022884
33729,5,29993,05-01-2024 19:38:16,,24704,308686322,383850544
33772,5,48244,05-01-2024 19:58:51,,23469,608746339,619275297
34170,5,6191,05-01-2024 22:31:40,,14300,374352063,426005729
34527,5,37228,06-01-2024 00:55:49,,5651,221591245,266883422
34580,5,78205,06-01-2024 01:26:20,,3820,154555842,172233083
33173,5,16836,05-01-2024 15:39:54,,39006,946328950,1053721079
33244,5,6991,05-01-2024 16:04:22,,37538,3226522052,4602717270
33080,5,94883,05-01-2024 14:52:26,,41854,659511064,708347503
34382,5,79234,05-01-2024 23:51:15,,9525,15230850,22713547
33682,5,69078,05-01-2024 19:12:04,,26276,993750,1040080
34266,5,77977,05-01-2024 23:16:14,,11626,327640135,359087966
33447,5,5425,05-01-2024 17:34:39,,32121,1599795570,1780221843
34581,5,49714,06-01-2024 01:20:04,,4196,109623262,133103246
34313,5,16179,05-01-2024 23:38:12,,10308,5221834277,3788579792
33099,5,67331,05-01-2024 15:07:11,,40969,230856408,237021431
32339,5,5016,05-01-2024 09:44:45,,60315,2906755762,4093538273
34453,5,85870,06-01-2024 00:20:58,,7742,261374667,282663467
34479,5,48322,06-01-2024 00:31:23,,7117,133099752,153692204
34267,5,70976,05-01-2024 23:17:20,,11560,370058774,517601446
33710,5,42445,05-01-2024 19:27:49,,25331,4011197019,11877210942
33965,5,82123,05-01-2024 21:08:32,,19288,112298731,151552938
33887,5,87795,05-01-2024 20:36:11,,21229,72909233,74889697
32849,5,71650,05-01-2024 13:15:02,,47698,543951401,681546719
33057,5,38165,05-01-2024 14:43:21,,42399,170389267,213560051
33593,5,86983,05-01-2024 18:39:50,,28210,2958277232,2964673332
34429,5,30650,06-01-2024 00:12:07,,8273,2670282809,5181046207
32096,5,71871,05-01-2024 08:08:17,06-01-2024 02:27:31,65954,19402507498,43529965805
34712,5,71871,06-01-2024 02:29:02,,58,14493567,29323872
34099,5,11857,05-01-2024 22:09:48,,15612,652305509,842448845
33472,5,71485,05-01-2024 17:46:53,,31387,122506183,174159415
33594,5,40347,05-01-2024 18:36:29,,28411,129433473,181248158
32935,5,22304,05-01-2024 13:53:30,,45390,1591039768,1748596801
32850,5,85373,05-01-2024 13:15:40,,47660,801175673,1070780795
32737,5,38719,05-01-2024 12:30:30,,50370,334866131,451719073
34286,5,51941,05-01-2024 23:23:16,,11204,311318054,404723864
34268,5,40628,05-01-2024 23:19:18,,11442,210117148,274973072
33595,5,16464,05-01-2024 18:31:11,,28729,5323462663,3012105222
33401,5,7869,05-01-2024 17:12:03,,33477,407196037,431990775
34171,5,39536,05-01-2024 22:34:44,,14116,482371345,723269900
34624,5,95526,06-01-2024 01:40:38,,2962,91803392,121083552
32561,5,31213,05-01-2024 11:17:05,,54775,418054298,527579648
34503,5,51860,06-01-2024 00:45:39,,6261,398743071,432087409
33755,5,50084,05-01-2024 19:43:41,,24379,860011910,962659024
34480,5,9553,06-01-2024 00:31:29,,7111,7383201,7992663
32680,5,57025,05-01-2024 12:01:44,,52096,1221903187,1622428175
33402,5,73751,05-01-2024 17:14:02,,33358,569287087,575106280
33571,5,5388,05-01-2024 18:20:30,,29370,2079094177,5770714031
34411,5,5448,06-01-2024 00:08:03,,8517,91864094,134112967
34430,5,28325,06-01-2024 00:13:58,,8162,60971027,65682620
34215,5,97098,05-01-2024 22:58:48,,12672,269124288,388508204
32960,5,51465,05-01-2024 14:01:20,,44920,878054950,1124762233
34314,5,76822,05-01-2024 23:34:52,,10508,677644922,853761813
33267,5,51636,05-01-2024 16:18:23,,36697,285034527,337071214
34194,5,79161,05-01-2024 22:44:42,,13518,1187646626,1339473846
34100,5,89697,05-01-2024 22:05:53,,15847,2722999643,6582821586
33937,5,99840,05-01-2024 20:57:40,,19940,731833210,810597489
32198,5,8628,05-01-2024 08:49:44,06-01-2024 02:21:40,63116,1718595928,2281835580
34713,5,8628,06-01-2024 02:22:25,,455,9658707,10246135
33337,5,38729,05-01-2024 16:46:43,,34997,345055808,380826918
33683,5,65963,05-01-2024 19:16:40,,26000,258906748,264954017
33966,5,47395,05-01-2024 21:09:23,,19237,209130331,211294045
34287,5,73606,05-01-2024 23:28:21,,10899,503750962,661032202
33028,5,35357,05-01-2024 14:36:26,,42814,440422460,658808253
34122,5,18705,05-01-2024 22:13:33,,15387,1741051630,4338984073
33059,5,32301,05-01-2024 14:40:46,,42554,772628416,880843726
34315,5,20947,05-01-2024 23:35:05,,10495,105868521,147867898
34050,5,89310,05-01-2024 21:42:23,,17257,1016945768,1324528454
34354,5,83981,05-01-2024 23:47:26,,9754,49545928,52994752
34051,5,23874,05-01-2024 21:42:11,,17269,90569362,125743027
34528,5,77468,06-01-2024 00:55:55,,5645,276639863,380015689
33596,5,14900,05-01-2024 18:31:52,,28688,483769179,711415136
33193,5,73461,05-01-2024 15:43:25,,38795,14062201321,32690812725
34383,5,59177,05-01-2024 23:52:12,,9468,120525567,161689491
34269,5,7301,05-01-2024 23:17:34,,11546,439779604,521167594
32824,5,56860,05-01-2024 13:09:35,,48025,1795715715,2409441283
34671,5,86081,06-01-2024 02:00:17,,1783,155354142,157484113
34172,5,29417,05-01-2024 22:32:06,,14274,726375137,1082315490
34071,5,80985,05-01-2024 21:56:06,,16434,131878419,133343719
34052,5,81053,05-01-2024 21:45:09,,17091,390538128,452654394
32990,5,45203,05-01-2024 14:11:48,,44292,118139667,122857331
34649,5,23330,06-01-2024 01:58:31,,1889,30944188,31799890
33268,5,75080,05-01-2024 16:17:48,,36732,1528933004,1954410027
32914,5,32484,05-01-2024 13:42:06,,46074,1407638602,1664632135
34384,5,18871,05-01-2024 23:55:32,,9268,259180299,278038822
34454,5,53006,06-01-2024 00:26:07,,7433,196221484,291193451
34173,5,72829,05-01-2024 22:35:51,,14049,226213181,322112998
34005,5,93389,05-01-2024 21:29:26,,18034,8207818078,18471463807
33651,5,5408,05-01-2024 19:04:44,,26716,125682777,141278827
34688,5,33137,06-01-2024 02:14:10,,950,107295452,70751906
34027,5,5300,05-01-2024 21:32:25,,17855,879133803,1083715643
34146,5,12977,05-01-2024 22:24:20,,14740,1985345927,4591434206
34240,5,14534,05-01-2024 23:08:47,,12073,327472023,401056116
33711,5,60428,05-01-2024 19:26:54,,25386,152023686,185235941
34241,5,73977,05-01-2024 23:01:18,,12522,1216534187,1251749840
34545,5,73098,06-01-2024 01:03:30,,5190,119296192,170401651
33246,5,28512,05-01-2024 16:06:17,,37423,2763810323,2878693411
33652,5,6510,05-01-2024 19:07:12,,26568,1637780356,2168431892
34355,5,87726,05-01-2024 23:44:58,,9902,2329993388,4464483456
34356,5,33593,05-01-2024 23:49:38,,9622,178333350,240939393
34650,5,32050,06-01-2024 01:56:25,,2015,49606197,65745426
33317,5,23103,05-01-2024 16:30:13,,35987,1931881282,4417721186
34242,5,82653,05-01-2024 23:09:43,,12017,740817473,991097535
34481,5,47739,06-01-2024 00:36:38,,6802,45542381,50551356
32585,5,57109,05-01-2024 11:27:27,,54153,860507328,892141489
32563,5,39508,05-01-2024 11:10:29,,55171,625778157,812351911
33858,5,58436,05-01-2024 20:23:05,,22015,596011643,624279144
33684,5,86738,05-01-2024 19:12:45,,26235,182210926,210522172
34431,5,53451,06-01-2024 00:18:15,,7905,13246541,18252757
34432,5,34628,06-01-2024 00:13:18,,8202,178760325,243682186
33194,5,63362,05-01-2024 15:47:46,,38534,287365573,296093326
33825,5,50638,05-01-2024 20:17:31,,22349,673048018,995698020
33685,5,11298,05-01-2024 19:11:10,,26330,145600995,170374561
32852,5,30780,05-01-2024 13:16:58,,47582,749293073,958668597
34604,5,96549,06-01-2024 01:32:59,,3421,660140188,382965880
34714,5,46472,06-01-2024 02:20:09,,591,7872009,9728794
32764,5,99076,05-01-2024 12:45:43,,49457,1644949278,2427747057
34385,5,83581,05-01-2024 23:50:31,,9569,226339265,306438106
34625,5,95401,06-01-2024 01:41:04,,2936,95494298,125925112
34006,5,73813,05-01-2024 21:29:31,,18029,249669686,279985994
33195,5,21694,05-01-2024 15:43:18,,38802,1602187632,2383605217
34433,5,27742,06-01-2024 00:13:35,,8185,461118203,540072594
34386,5,38641,05-01-2024 23:57:39,,9141,56978969,81965135
33730,5,48082,05-01-2024 19:38:43,,24677,337289844,425628156
33338,5,16652,05-01-2024 16:45:44,,35056,952196220,1348475435
33686,5,54212,05-01-2024 19:17:40,,25940,336698194,482792775
33149,5,88674,05-01-2024 15:26:30,,39810,17483182821,35599251119
33548,5,60387,05-01-2024 18:11:22,,29918,68642316,96731396
33123,5,99031,05-01-2024 15:17:51,,40329,6162156088,4059671483
34288,5,77429,05-01-2024 23:27:27,,10953,677630031,880061001
34316,5,10930,05-01-2024 23:34:06,,10554,45932199,56591764
33060,5,95544,05-01-2024 14:47:46,,42134,1061017705,1264957210
33083,5,13491,05-01-2024 14:58:03,,41517,30344329,36878855
34689,5,86603,06-01-2024 02:19:07,,653,8625875,9089129
32535,5,28392,05-01-2024 11:07:32,,55348,714155099,1003204170
32536,5,94863,05-01-2024 11:09:47,,55213,4047681003,5760998835
32435,5,91888,05-01-2024 10:24:14,,57946,3968974193,5665621945
33495,5,95349,05-01-2024 17:59:53,,30607,303228757,413478205
33339,5,79672,05-01-2024 16:43:50,,35170,154388335,188580697
34217,5,11554,05-01-2024 22:58:46,,12674,262377317,378587426
32628,5,96103,05-01-2024 11:42:34,,53246,1242269426,1490360345
34147,5,63977,05-01-2024 22:23:22,,14798,755656604,858526866
34028,5,8304,05-01-2024 21:38:33,,17487,1734026974,4024063796
33910,5,26983,05-01-2024 20:44:00,,20760,1602958193,1742651323
34561,5,56746,06-01-2024 01:14:31,,4529,67930923,99105883
34148,5,29725,05-01-2024 22:24:48,,14712,649144069,902359176
33828,5,96357,05-01-2024 20:17:10,,22370,857833222,958570200
34504,5,48630,06-01-2024 00:43:35,,6385,178641689,205674125
32169,5,24612,05-01-2024 08:38:17,,64303,1674523866,1827740578
33473,5,26977,05-01-2024 17:49:51,,31209,3045110381,3393030036
33712,5,21990,05-01-2024 19:29:52,,25208,809096727,927531498
34387,5,20393,05-01-2024 23:55:12,,9288,246386845,176130931
32793,5,54421,05-01-2024 12:51:36,,49104,1084910379,1230385286
33859,5,18594,05-01-2024 20:21:57,,22083,513413254,541042349
33860,5,19958,05-01-2024 20:23:02,,22018,244435199,299336714
34149,5,63351,05-01-2024 22:25:14,,14686,88848013,120543473
32629,5,99177,05-01-2024 11:48:38,,52882,1201961995,1464659259
33938,5,75960,05-01-2024 20:58:51,,19869,1787291753,2291131340
32630,5,66582,05-01-2024 11:41:29,06-01-2024 02:20:51,52762,1080850683,1348785626
32853,5,80122,05-01-2024 13:19:30,,47430,234221091,293053768
34317,5,40666,05-01-2024 23:38:10,,10310,218701471,271386263
34690,5,98104,06-01-2024 02:15:43,,857,17609396,25104094
33939,5,12491,05-01-2024 20:52:33,,20247,274347499,346455482
34195,5,65926,05-01-2024 22:43:14,,13606,480601287,637347039
34196,5,75775,05-01-2024 22:44:39,,13521,132461966,172875602
33448,5,67745,05-01-2024 17:30:19,,32381,1870766702,2252976368
34197,5,52352,05-01-2024 22:48:58,,13262,937133501,1271747503
34388,5,15637,05-01-2024 23:53:45,,9375,253005074,300664528
34434,5,58566,06-01-2024 00:17:26,,7954,388386938,525851988
34672,5,87709,06-01-2024 02:04:53,,1507,6789799,9313622
32273,5,95119,05-01-2024 09:11:58,,62282,2058300609,2411485320
34651,5,94988,06-01-2024 01:57:02,,1978,108515284,116281845
34007,5,73225,05-01-2024 21:21:52,,18488,2636498293,7648190924
33474,5,32029,05-01-2024 17:45:08,,31492,1146832824,1427147147
33424,5,48358,05-01-2024 17:24:52,,32708,7507892921,4092931620
34318,5,82326,05-01-2024 23:31:26,,10714,528036328,371510855
34357,5,17857,05-01-2024 23:45:37,,9863,146476183,159685842
34270,5,37746,05-01-2024 23:12:09,,11871,286308513,399878822
32652,5,15692,05-01-2024 11:58:41,,52279,1093897656,1306365619
32854,5,50719,05-01-2024 13:19:21,,47439,9860109147,20788313523
32298,5,39226,05-01-2024 09:23:26,,61594,981431579,1376119215
32900,5,84386,05-01-2024 13:37:57,,46323,615884805,882935609
33449,5,24338,05-01-2024 17:37:07,,31973,235844076,236972801
33829,5,38943,05-01-2024 20:19:21,,22239,717250636,732704442
33124,5,86298,05-01-2024 15:14:45,,40515,329567179,462935861
32274,5,41353,05-01-2024 09:10:53,,62347,4119162419,5518378786
34715,5,20070,06-01-2024 02:23:33,,387,143775183,284615562
34482,5,11767,06-01-2024 00:34:06,,6954,379609353,230662866
33888,5,3929,05-01-2024 20:34:42,,21318,265492027,359631714
34652,5,79286,06-01-2024 01:51:01,,2339,75954115,110068015
32060,5,95408,05-01-2024 07:41:36,,67704,4130294659,4195813700
33381,5,78376,05-01-2024 17:03:39,,33981,290012146,356663849
33777,5,86420,05-01-2024 19:57:52,,23528,1023258416,1043219674
32144,5,59475,05-01-2024 08:20:11,,65389,463582170,500954193
34102,5,27857,05-01-2024 22:07:57,,15723,79870545,93815227
32738,5,36376,05-01-2024 12:35:45,,50055,2581775764,3295220715
34073,5,49404,05-01-2024 21:54:10,,16550,274347262,349589041
34053,5,25086,05-01-2024 21:47:10,,16970,448362012,630742488
33598,5,10702,05-01-2024 18:33:38,,28582,446595313,648053863
34529,5,8211,06-01-2024 00:51:42,,5898,149809355,199850676
34505,5,7201,06-01-2024 00:44:28,,6332,8616066,10433956
34435,5,50050,06-01-2024 00:10:19,,8381,2100435845,4599969255
33425,5,54224,05-01-2024 17:23:40,,32780,2021812979,2345752572
34243,5,82190,05-01-2024 23:05:33,,12267,380314478,507445409
34289,5,84011,05-01-2024 23:25:33,,11067,3469915613,10220127220
34008,5,27713,05-01-2024 21:26:41,,18199,506180993,540685784
33830,5,74864,05-01-2024 20:14:04,,22556,1059311464,1400089861
33496,5,44378,05-01-2024 17:53:55,,30965,590345475,594187374
34562,5,17020,06-01-2024 01:17:50,,4330,207216365,225114595
33940,5,59977,05-01-2024 20:56:06,,20034,1872452293,2396078197
33524,5,44664,05-01-2024 18:02:18,,30462,704981203,998745530
34483,5,34938,06-01-2024 00:32:59,,7021,10079034,10663837
33177,5,17431,05-01-2024 15:33:48,,39372,1295406861,1464650716
34244,5,6532,05-01-2024 23:05:25,,12275,448158753,636450381
33270,5,44862,05-01-2024 16:12:14,,37066,3459497261,3655750132
34563,5,35876,06-01-2024 01:15:40,,4460,167526342,243831518
34653,5,58052,06-01-2024 01:57:54,,1926,34888945,38209937
33196,5,59325,05-01-2024 15:46:10,,38630,382181031,451451844
32739,5,11075,05-01-2024 12:31:52,,50288,1742514958,1779838233
33271,5,16157,05-01-2024 16:17:28,,36752,97976613,105188940
32606,5,82782,05-01-2024 11:36:28,,53612,2154777020,2441429014
32994,5,29547,05-01-2024 14:19:18,,43842,230170122,247177585
33272,5,32799,05-01-2024 16:16:16,,36824,3666206511,3726787500
33125,5,9377,05-01-2024 15:15:52,,40448,3753105130,5308872533
34218,5,18722,05-01-2024 22:50:19,,13181,239677406,334044586
34358,5,86703,05-01-2024 23:48:00,,9720,3305687713,6444538155
34074,5,96601,05-01-2024 21:51:26,,16714,602512479,420183026
33862,5,87556,05-01-2024 20:21:38,,22102,1825684147,2086604857
32683,5,26850,05-01-2024 12:04:04,,51956,813885153,998708718
33631,5,80584,05-01-2024 18:52:31,,27449,591531046,714358454
34389,5,74994,05-01-2024 23:54:55,,9305,56404884,60624817
34390,5,84921,05-01-2024 23:58:07,,9113,90324612,103339701
34436,5,5975,06-01-2024 00:14:08,,8152,235697880,301784045
33551,5,84673,05-01-2024 18:13:03,,29817,992188763,1367592466
33615,5,72155,05-01-2024 18:43:22,,27998,314550171,349518042
34123,5,28774,05-01-2024 22:15:59,,15241,247670664,306808214
34075,5,83101,05-01-2024 21:52:09,,16671,146135328,204300893
33889,5,61900,05-01-2024 20:38:20,,21100,502247240,733326191
33220,5,7138,05-01-2024 15:59:39,,37821,360446614,402224731
34654,5,9435,06-01-2024 01:53:39,,2181,221352887,509921074
32878,5,38535,05-01-2024 13:20:01,,47399,2222249201,2744048466
32740,5,89398,05-01-2024 12:33:37,,50183,1345743716,1793843902
32415,5,99539,05-01-2024 10:19:45,,58215,1014038211,1347560466
34506,5,94897,06-01-2024 00:49:39,,6021,470737332,598270944
34245,5,44453,05-01-2024 23:05:27,06-01-2024 02:29:04,12217,374852899,508803408
33756,5,7730,05-01-2024 19:42:06,,24474,15832124040,33800734573
32043,5,13917,05-01-2024 07:33:48,06-01-2024 02:24:15,67827,672360802,736537893
34716,5,13917,06-01-2024 02:25:18,,282,50081,58492
33599,5,19677,05-01-2024 18:30:02,,28798,625524399,810088573
33152,5,48676,05-01-2024 15:20:23,,40177,1497416452,1814625928
34437,5,6726,06-01-2024 00:12:26,,8254,265280552,350984838
34391,5,31752,05-01-2024 23:53:32,,9388,199907868,246733884
33029,5,51277,05-01-2024 14:38:46,,42674,680361575,854395018
33803,5,65262,05-01-2024 20:04:43,,23117,484603746,498431559
34507,5,38988,06-01-2024 00:48:16,,6104,92063421,96968398
33757,5,59680,05-01-2024 19:46:47,,24193,438723691,583954185
34271,5,14178,05-01-2024 23:13:26,,11794,256685722,276478997
34198,5,5199,05-01-2024 22:48:05,,13315,343632946,503661053
34392,5,46502,05-01-2024 23:57:44,,9136,1944514376,5369955520
33942,5,60265,05-01-2024 20:50:25,,20375,1886847707,2171193060
34219,5,89721,05-01-2024 22:59:30,,12630,634808001,892057449
32631,5,14393,05-01-2024 11:41:31,,53309,20829812220,51348307009
33017,5,29116,05-01-2024 14:25:44,,43456,1381352102,1656458089
32936,5,95309,05-01-2024 13:58:22,,45098,593152373,760328221
34691,5,20591,06-01-2024 02:18:50,,670,18579137,24515342
33984,5,69949,05-01-2024 21:12:33,,19047,3471311428,9970287509
33320,5,40951,05-01-2024 16:34:35,,35725,574055466,822938006
33300,5,68421,05-01-2024 16:23:59,,36361,644733164,664153778
33778,5,66373,05-01-2024 19:51:13,,23927,413053224,606096298
34320,5,13902,05-01-2024 23:39:53,,10207,698259289,815601736
34508,5,88132,06-01-2024 00:45:02,,6298,106094791,158115081
34438,5,79594,06-01-2024 00:14:31,,8129,4450296,5685824
33600,5,66662,05-01-2024 18:32:09,,28671,1539775767,1706780474
33687,5,75304,05-01-2024 19:12:49,,26231,448095201,552150109
33654,5,59870,05-01-2024 19:00:10,,26990,647646664,957932675
34054,5,40382,05-01-2024 21:44:51,,17109,258518109,359876277
34272,5,93939,05-01-2024 23:11:23,,11917,142566400,160218079
34103,5,9739,05-01-2024 22:07:38,,15742,6791296066,15156817272
33632,5,84351,05-01-2024 18:56:10,,27230,1498438761,1940486478
31978,5,63931,05-01-2024 07:02:14,,70066,189523891,207647943
33153,5,22909,05-01-2024 15:25:54,,39846,1780084966,2147239037
33301,5,15212,05-01-2024 16:28:22,,36098,343580858,470473501
34484,5,60774,06-01-2024 00:35:57,,6843,194572810,290467999
33688,5,76014,05-01-2024 19:17:27,,25953,10483214900,20537830063
32701,5,27663,05-01-2024 12:18:00,,51120,12942315816,7592068872
34273,5,81074,05-01-2024 23:16:14,,11626,32702885,39640960
33361,5,68014,05-01-2024 16:53:04,,34616,1325880404,1678483114
34582,5,50414,06-01-2024 01:27:20,,3760,189055662,271769524
32062,5,17187,05-01-2024 07:42:04,,67676,237022645,333325156
34413,5,45805,06-01-2024 00:06:23,,8617,38290251,45062568
33689,5,53430,05-01-2024 19:14:19,,26141,1580107551,1826185495
34055,5,88649,05-01-2024 21:46:59,,16981,6012261783,13645614165
33655,5,56029,05-01-2024 19:04:33,,26727,243775014,319559739
34076,5,8383,05-01-2024 21:52:45,,16635,281714235,352454816
33890,5,39440,05-01-2024 20:34:57,,21303,1238135406,1561828505
32702,5,43148,05-01-2024 12:15:45,,51255,12165468815,25883103353
32856,5,65094,05-01-2024 13:15:18,,47682,1969145764,2135004428
33986,5,24684,05-01-2024 21:16:30,,18810,499668019,669125696
33154,5,68320,05-01-2024 15:26:57,,39783,632830284,745002105
34564,5,6247,06-01-2024 01:16:00,,4440,156099421,166782030
34150,5,10191,05-01-2024 22:22:41,,14839,309328309,312727317
34077,5,36615,05-01-2024 21:52:59,,16621,157629456,188534675
34717,5,75717,06-01-2024 02:21:13,,527,8128998,8225893
32742,5,41026,05-01-2024 12:30:15,,50385,2228717835,3240707896
33987,5,60531,05-01-2024 21:13:08,,19012,883053865,929081075
34626,5,50944,06-01-2024 01:40:45,,2955,959126186,2358522289
33968,5,22081,05-01-2024 21:06:27,,19413,514435059,706680367
34530,5,33101,06-01-2024 00:51:27,,5913,82366234,113922817
34456,5,75853,06-01-2024 00:28:12,,7308,22610377,32593926
33601,5,34994,05-01-2024 18:30:20,,28780,433476943,478502792
32145,5,97849,05-01-2024 08:24:57,,65103,16603666912,41777172493
32101,5,14674,05-01-2024 08:06:50,06-01-2024 02:22:00,65710,1616652477,2011566831
34151,5,99541,05-01-2024 22:20:34,,14966,120606546,161544168
34124,5,88072,05-01-2024 22:18:04,,15116,510529388,539225166
34274,5,24603,05-01-2024 23:16:49,,11591,52395014,68685931
32653,5,25556,05-01-2024 11:53:57,,52563,554259004,576477637
34414,5,93718,06-01-2024 00:01:15,,8925,523994108,704560856
33126,5,34965,05-01-2024 15:13:36,,40584,360740549,388833748
33273,5,18419,05-01-2024 16:16:02,,36838,134938427,159906981
33779,5,79728,05-01-2024 19:56:28,,23612,1040301559,1244176134
33274,5,77680,05-01-2024 16:11:53,,37087,956958582,1336434422
33574,5,81801,05-01-2024 18:28:01,,28919,1350683104,1658820847
33127,5,78808,05-01-2024 15:19:13,,40247,1108587292,1207577173
34692,5,38523,06-01-2024 02:19:46,,614,1599778,1889992
34546,5,83262,06-01-2024 01:01:04,,5336,2129623161,4483637896
32966,5,72299,05-01-2024 14:00:32,,44968,230390732,281557400
33451,5,4848,05-01-2024 17:35:47,,32053,895317986,1069283276
34485,5,79225,06-01-2024 00:31:07,,7133,69437300,95483572
33384,5,16829,05-01-2024 17:09:28,,33632,10044120554,25603169024
33864,5,8510,05-01-2024 20:22:26,,22054,6704774094,17758872274
34174,5,14936,05-01-2024 22:34:59,,14101,259965658,266041967
33944,5,94886,05-01-2024 20:58:16,,19904,2587251845,2035366794
33602,5,35110,05-01-2024 18:38:05,,28315,612294699,839223776
34104,5,92440,05-01-2024 22:06:15,,15825,356285194,432599888
34199,5,94858,05-01-2024 22:43:41,,13579,794219297,795318971
34031,5,45329,05-01-2024 21:34:44,,17716,208353093,307705917
34547,5,55632,06-01-2024 01:06:17,,5023,208471422,309839722
33403,5,36567,05-01-2024 17:12:17,,33463,11730900307,31265599225
34673,5,54611,06-01-2024 02:03:40,,1580,7311748,8176427
33780,5,25215,05-01-2024 19:53:32,,23788,728328452,854191180
33945,5,90055,05-01-2024 20:57:43,,19937,1724946325,2068861723
33865,5,56359,05-01-2024 20:28:35,,21685,1581140158,1699571112
34457,5,35289,06-01-2024 00:28:16,,7304,32040138,33799996
33385,5,81727,05-01-2024 17:01:13,,34127,789211980,1056252894
32439,5,18226,05-01-2024 10:25:58,06-01-2024 02:24:37,57519,16086087890,37231688473
34718,5,18226,06-01-2024 02:25:11,,289,67467337,129359828
33866,5,99044,05-01-2024 20:20:21,,22179,9364499151,18119110820
33692,5,48311,05-01-2024 19:18:22,,25898,4604039844,13564487764
34565,5,28752,06-01-2024 01:17:07,,4373,173207008,250946742
33275,5,89823,05-01-2024 16:10:17,,37183,1433098425,1956507098
34125,5,41742,05-01-2024 22:13:35,,15385,414781397,570886715
34719,5,71020,06-01-2024 02:25:18,,282,4699360,6189972
33248,5,91308,05-01-2024 16:09:26,,37234,1228084041,1327619333
34458,5,30792,06-01-2024 00:20:55,,7745,120258986,163202677
34720,5,42012,06-01-2024 02:22:36,,444,33157729,48767613
32827,5,53608,05-01-2024 13:06:37,,48203,723401628,916832869
34509,5,88597,06-01-2024 00:49:38,,6022,124440626,166094498
34105,5,86808,05-01-2024 22:08:07,,15713,532406424,663590313
33426,5,39606,05-01-2024 17:29:30,,32430,6366981458,12488335469
34721,5,10192,06-01-2024 02:27:28,,152,998081,1329524
33732,5,61438,05-01-2024 19:36:40,,24800,79864452,81875352
34126,5,58706,05-01-2024 22:11:15,,15525,236281391,247643848
33946,5,87054,05-01-2024 20:56:24,,20016,696277687,1022859975
33101,5,58325,05-01-2024 15:00:24,,41376,15189725301,42714399765
32995,5,85042,05-01-2024 14:13:21,,44199,918788595,1001737505
34566,5,83559,06-01-2024 01:14:40,,4520,162532674,205995639
33658,5,63850,05-01-2024 19:07:52,,26528,182553931,227107583
32609,5,66728,05-01-2024 11:33:15,,53805,23810790586,50219647714
33659,5,94368,05-01-2024 19:06:33,,26607,167733285,187120008
34175,5,51809,05-01-2024 22:38:51,,13869,1004584774,1125896908
34655,5,42318,06-01-2024 01:52:59,,2221,96798688,105195871
34583,5,11987,06-01-2024 01:24:59,,3901,77739382,87216260
34032,5,61677,05-01-2024 21:36:41,,17599,12272028,14426581
33616,5,32326,05-01-2024 18:48:50,,27670,858462616,988824303
33781,5,84399,05-01-2024 19:59:18,,23442,433326021,445434974
33575,5,51250,05-01-2024 18:27:43,,28937,10400910575,22188609761
34393,5,26373,05-01-2024 23:59:20,,9040,38567567,57675747
34009,5,85677,05-01-2024 21:22:17,,18463,12825380105,25606112651
34200,5,70279,05-01-2024 22:42:19,,13661,509789956,548193633
32655,5,51450,05-01-2024 11:59:56,,52204,184376999,215770285
33427,5,20153,05-01-2024 17:28:26,,32494,584288889,753831175
33758,5,24938,05-01-2024 19:43:27,,24393,145943359,216767804
34605,5,49945,06-01-2024 01:35:14,,3286,310815871,316938279
34656,5,83523,06-01-2024 01:53:18,,2202,836288263,1846907598
33362,5,89501,05-01-2024 16:58:11,,34309,553165131,685364428
34010,5,72975,05-01-2024 21:29:18,,18042,1906191277,1953737797
33633,5,36141,05-01-2024 18:52:10,,27470,11144399851,22386145711
34722,5,83063,06-01-2024 02:20:14,,586,3345622,4706634
34394,5,41789,05-01-2024 23:53:49,,9371,55723459,72999999
33455,5,57885,05-01-2024 17:37:07,,31973,840696912,1129134685
34532,5,50169,06-01-2024 00:50:20,,5980,361936409,409303335
33475,5,96244,05-01-2024 17:48:19,,31301,1215216259,1392779299
34567,5,47155,06-01-2024 01:16:00,,4440,8396962,9919840
33733,5,75526,05-01-2024 19:30:43,,25157,973825852,990581441
34201,5,13407,05-01-2024 22:48:53,,13267,937183318,1019479936
33832,5,73473,05-01-2024 20:12:09,,22671,613945222,769811173
34291,5,97007,05-01-2024 23:21:51,,11289,1347103506,1921557655
34486,5,10793,06-01-2024 00:39:03,,6657,32605812,44492924
34202,5,6328,05-01-2024 22:40:17,,13783,15909656,18360121
32656,5,73427,05-01-2024 11:52:58,,52622,131519078,189114090
34056,5,60967,05-01-2024 21:45:37,,17063,43004786,57807980
34321,5,4765,05-01-2024 23:30:24,,10776,297084330,335798499
34292,5,87776,05-01-2024 23:22:36,,11244,829426261,1088810340
33501,5,32906,05-01-2024 17:50:17,,31183,559030934,639398578
34078,5,44189,05-01-2024 21:55:22,,16478,154482200,207102139
33912,5,46385,05-01-2024 20:44:23,,20737,1115895477,1618566991
32858,5,63318,05-01-2024 13:16:56,,47584,3245199442,3687869096
34584,5,26385,06-01-2024 01:29:56,,3604,232748599,285089979
33277,5,80994,05-01-2024 16:18:39,,36681,197582010,212421373
32902,5,95685,05-01-2024 13:35:30,,46470,476309370,546633379
33892,5,89415,05-01-2024 20:30:02,,21598,938982373,1328636399
34627,5,79346,06-01-2024 01:47:55,,2525,40407891,54721956
34657,5,59166,06-01-2024 01:57:50,,1930,103398656,124106116
33693,5,83943,05-01-2024 19:13:40,,26180,792504714,831538024
32148,5,47009,05-01-2024 08:29:41,,64819,1668891679,2142132534
33065,5,14119,05-01-2024 14:41:26,,42514,643698198,737104185
33157,5,53694,05-01-2024 15:26:01,,39839,1028475610,1263532662
34322,5,71637,05-01-2024 23:32:16,,10664,90307184,117375770
33867,5,47118,05-01-2024 20:29:46,,21614,1009817371,1049749709
33807,5,58559,05-01-2024 20:02:33,,23247,602795577,896068169
34628,5,83700,06-01-2024 01:48:59,,2461,69821672,77873794
33456,5,58573,05-01-2024 17:32:33,,32247,1014501002,1053778594
32829,5,99218,05-01-2024 13:06:17,,48223,681971854,888264203
34275,5,87902,05-01-2024 23:14:19,,11741,653587249,973574687
33386,5,91937,05-01-2024 17:06:20,,33820,2581282859,3458556803
33278,5,52038,05-01-2024 16:10:13,,37187,3570590949,3999098364
34629,5,18373,06-01-2024 01:48:53,,2467,65270499,75004464
32880,5,41259,05-01-2024 13:23:33,,47187,274144133,398055580
34293,5,14003,05-01-2024 23:26:14,,11026,140974129,164604734
34568,5,68803,06-01-2024 01:18:49,,4271,607742969,380753098
33782,5,98959,05-01-2024 19:58:54,,23466,492355623,521761175
34011,5,97813,05-01-2024 21:27:52,,18128,157362876,166792330
32996,5,67813,05-01-2024 14:14:47,,44113,11342740774,28668786352
33617,5,4338,05-01-2024 18:44:45,,27915,104771325,152589253
34079,5,25357,05-01-2024 21:57:15,,16365,172071625,197999668
33759,5,12512,05-01-2024 19:44:35,,24325,691624956,982137184
34723,5,55707,06-01-2024 02:24:55,,305,98285925,228651020
33661,5,89534,05-01-2024 19:00:18,,26982,883671683,999857706
33988,5,72431,05-01-2024 21:12:15,,19065,1523991625,825191671
34033,5,6641,05-01-2024 21:39:49,06-01-2024 02:22:33,16964,99854223,118822433
34724,5,6641,06-01-2024 02:23:40,,380,1810311,2215945
34176,5,98486,05-01-2024 22:30:44,,14356,150765646,177412659
33808,5,69824,05-01-2024 20:04:16,,23144,1889329762,2078886225
34324,5,92303,05-01-2024 23:32:37,,10643,2522118484,6558131343
34487,5,44741,06-01-2024 00:38:14,,6706,15775465,22896735
32542,5,98609,05-01-2024 11:03:46,,55574,22679900431,53691066608
34012,5,73432,05-01-2024 21:21:27,,18513,2557162624,1799450114
33345,5,51664,05-01-2024 16:40:42,,35358,8355638951,17834017841
34359,5,32735,05-01-2024 23:44:35,,9925,686733733,831991806
33159,5,76021,05-01-2024 15:25:37,,39863,992538695,1181150212
33363,5,53131,05-01-2024 16:57:10,,34370,354760280,401918412
34395,5,75742,05-01-2024 23:58:33,,9087,689382106,689994349
33694,5,87442,05-01-2024 19:10:40,,26360,246138477,349930428
33279,5,98637,05-01-2024 16:10:36,06-01-2024 02:26:19,36943,1009619614,1010160711
34725,5,98637,06-01-2024 02:26:42,,198,553431,561765
33388,5,57273,05-01-2024 17:02:17,,34063,4763635674,10998101213
33618,5,99197,05-01-2024 18:46:25,,27815,419414328,580299345
33476,5,62934,05-01-2024 17:49:55,,31205,1150726759,1455280255
33735,5,87748,05-01-2024 19:39:57,,24603,965114875,1082236012
33528,5,47543,05-01-2024 18:03:30,,30390,8434790877,17624845993
33322,5,26270,05-01-2024 16:37:15,,35565,9074516786,19050339710
33783,5,68240,05-01-2024 19:53:18,,23802,628295308,714387731
34693,5,17659,06-01-2024 02:10:33,,1167,22741867,28591620
33868,5,26449,05-01-2024 20:26:05,,21835,1140776282,1327050750
33179,5,23421,05-01-2024 15:38:06,,39114,604649566,719258109
33222,5,63606,05-01-2024 15:59:01,,37859,1660007423,2115800472
33457,5,96204,05-01-2024 17:33:05,,32215,596836071,808634047
32657,5,23737,05-01-2024 11:50:25,,52775,687865327,760550313
32611,5,26947,05-01-2024 11:33:41,,53779,1111762116,1468702328
33180,5,44742,05-01-2024 15:33:44,,39376,488628369,585097291
34221,5,9561,05-01-2024 22:54:41,,12919,941063609,1225754088
33695,5,46448,05-01-2024 19:19:30,,25830,469000766,606893257
34533,5,48973,06-01-2024 00:57:00,,5580,76478243,109597491
34534,5,26876,06-01-2024 00:57:36,,5544,204299503,273860308
32612,5,70226,05-01-2024 11:36:18,,53622,660167985,808821543
34360,5,95234,05-01-2024 23:48:53,,9667,317026161,365224040
34276,5,38079,05-01-2024 23:12:37,,11843,836261172,1235953485
32440,5,6121,05-01-2024 10:26:48,,57792,1448234707,2150864165
34606,5,47212,06-01-2024 01:34:51,,3309,67581782,76318628
33477,5,62975,05-01-2024 17:45:30,06-01-2024 02:26:19,31249,1195277624,1724431926
33066,5,66551,05-01-2024 14:49:40,,42020,1016242190,1025218916
34294,5,89347,05-01-2024 23:28:53,,10867,135743396,139963557
33869,5,88916,05-01-2024 20:27:24,,21756,464569495,472173376
33619,5,55894,05-01-2024 18:42:44,,28036,919032491,1011959751
33969,5,65308,05-01-2024 21:02:48,,19632,382033494,442088731
33833,5,91437,05-01-2024 20:19:25,,22235,327172655,393146760
34325,5,53759,05-01-2024 23:31:20,,10720,343258266,471597424
33970,5,89339,05-01-2024 21:04:02,,19558,364705307,396574178
34658,5,66384,06-01-2024 01:54:04,,2156,18878375,20615365
33760,5,49897,05-01-2024 19:42:38,,24442,2222439447,2388568979
33736,5,73326,05-01-2024 19:33:47,,24973,644709447,871076319
34361,5,63023,05-01-2024 23:42:11,,10069,467857370,490050190
33870,5,61218,05-01-2024 20:23:48,,21972,132341067,184828370
33129,5,15903,05-01-2024 15:12:23,,40657,483383981,540932608
34362,5,49742,05-01-2024 23:40:33,,10167,591207012,607424640
34569,5,41329,06-01-2024 01:15:37,06-01-2024 02:20:50,3913,498110316,521897023
32280,5,16148,05-01-2024 09:14:04,,62156,2241914094,2415799075
33389,5,82455,05-01-2024 17:05:54,,33846,287890885,394032539
32903,5,59336,05-01-2024 13:31:34,,46706,1446930571,1649195465
33578,5,24697,05-01-2024 18:21:55,,29285,1065307199,1232333654
33429,5,79273,05-01-2024 17:28:45,,32475,2829108261,5890462666
34585,5,22641,06-01-2024 01:20:03,,4197,492191722,943069841
34013,5,66641,05-01-2024 21:23:23,,18397,346769038,434871497
34586,5,4756,06-01-2024 01:24:05,,3955,175598448,262689406
34247,5,49682,05-01-2024 23:01:14,,12526,2688998836,5651636916
33913,5,85612,05-01-2024 20:44:57,,20703,582823901,625018065
33871,5,73623,05-01-2024 20:22:24,,22056,345894467,363083060
34587,5,30362,06-01-2024 01:25:15,,3885,22276855,25495988
33502,5,90402,05-01-2024 17:50:12,06-01-2024 02:25:51,30939,5233585798,15694264970
34726,5,90402,06-01-2024 02:26:54,,186,26492285,74979310
33714,5,17694,05-01-2024 19:24:53,,25507,1283890397,1711706726
32747,5,6445,05-01-2024 12:38:36,,49884,2098746838,2750840202
32687,5,24972,05-01-2024 12:05:36,,51864,12017995352,25325185971
34152,5,42507,05-01-2024 22:23:41,,14779,234782887,278462899
32150,5,37273,05-01-2024 08:26:05,,65035,3745031462,3821517799
34034,5,23397,05-01-2024 21:36:41,,17599,74757705,76781804
33529,5,51454,05-01-2024 18:06:53,,30187,1385756348,1445633690
33250,5,41676,05-01-2024 16:09:55,,37205,797531793,921440840
32923,5,78044,05-01-2024 13:49:00,,45660,1302724356,1949051872
34014,5,70087,05-01-2024 21:26:12,,18228,1484961152,2147685673
33131,5,92795,05-01-2024 15:12:23,,40657,8112839,8412670
33346,5,55511,05-01-2024 16:47:47,,34933,568830216,797958700
32589,5,59173,05-01-2024 11:23:17,,54403,1046372713,1145834814
33914,5,84988,05-01-2024 20:45:41,,20659,4679256490,9709679263
32799,5,23877,05-01-2024 12:52:37,,49043,158328846,188412002
33761,5,20151,05-01-2024 19:47:22,,24158,139343819,176421750
32637,5,11247,05-01-2024 11:45:05,,53095,1355563722,1891039485
34326,5,24441,05-01-2024 23:30:07,,10793,1127252198,1137750922
32326,5,28072,05-01-2024 09:37:24,,60756,138929350,149505702
32904,5,82442,05-01-2024 13:38:27,,46293,541827811,633294045
34106,5,93906,05-01-2024 22:02:12,,16068,84858162,124947549
33067,5,29972,05-01-2024 14:42:55,,42425,598504365,771947966
32461,5,24353,05-01-2024 10:35:34,,57266,3252463036,4425368393
32658,5,71451,05-01-2024 11:59:47,,52213,188024945,194187066
34607,5,38742,06-01-2024 01:38:20,,3100,71916517,107526089
33404,5,84832,05-01-2024 17:13:41,,33379,343718721,349475551
34035,5,10699,05-01-2024 21:39:03,,17457,64384372,71778192
33951,5,96766,05-01-2024 20:56:43,,19997,4941167638,10360057089
32940,5,94962,05-01-2024 13:53:44,,45376,440710766,594131033
33663,5,26196,05-01-2024 19:09:12,,26448,876223950,1020441851
32515,5,36204,05-01-2024 10:52:35,,56245,830313643,1184737048
34177,5,93669,05-01-2024 22:30:17,,14383,5269751461,10287390252
33635,5,25150,05-01-2024 18:59:14,,27046,1049704767,1130197503
33636,5,78758,05-01-2024 18:54:03,,27357,6916090346,15232685353
34570,5,88009,06-01-2024 01:16:22,,4418,470878541,521861676
34510,5,99995,06-01-2024 00:46:50,,6190,52095081,54289444
32105,5,51075,05-01-2024 08:09:00,,66060,785372508,1003964248
33971,5,67509,05-01-2024 21:05:11,,19489,632911671,855093438
33251,5,75709,05-01-2024 16:09:03,,37257,569156554,781026349
32046,5,83705,05-01-2024 07:34:30,06-01-2024 02:26:56,67946,4761259848,4801838427
34153,5,32109,05-01-2024 22:23:26,,14794,321054602,474028341
34080,5,31793,05-01-2024 21:59:07,,16253,317619400,454837593
33303,5,86526,05-01-2024 16:27:05,,36175,2383573857,3175082684
33809,5,10899,05-01-2024 20:04:36,,23124,71253663,79641805
33762,5,11147,05-01-2024 19:46:44,,24196,125823749,139289981
33872,5,59400,05-01-2024 20:24:07,,21953,1022462036,1258889792
33873,5,88634,05-01-2024 20:29:02,,21658,6385705461,16175936203
33503,5,19873,05-01-2024 17:56:19,,30821,3684308982,3778816739
33784,5,10301,05-01-2024 19:52:51,,23829,243881196,296117261
33637,5,46599,05-01-2024 18:54:34,,27326,1096371742,1602421722
32769,5,30580,05-01-2024 12:48:02,,49318,1970980474,2452059076
34674,5,32726,06-01-2024 02:06:18,,1422,42516668,50333956
33504,5,76625,05-01-2024 17:54:54,,30906,2046242223,2461396872
32543,5,75359,05-01-2024 11:00:36,,55764,3097200132,3231338384
34107,5,6721,05-01-2024 22:09:13,,15647,629239396,641219549
33459,5,16806,05-01-2024 17:39:13,,31847,14428435631,31481317023
32924,5,64769,05-01-2024 13:47:36,,45744,1563782944,1786928287
34130,5,25682,05-01-2024 22:14:32,,15328,46325944,49843832
34588,5,29963,06-01-2024 01:29:31,,3629,41347496,43964234
34249,5,30369,05-01-2024 23:04:38,,12322,311434502,329669464
34277,5,21863,05-01-2024 23:18:18,,11502,981315096,1231579004
34363,5,80458,05-01-2024 23:45:40,,9860,105756384,107889273
34548,5,15257,06-01-2024 01:09:37,,4823,294062065,392960120
33785,5,3920,05-01-2024 19:56:46,,23594,392731114,568315120
33786,5,81155,05-01-2024 19:59:53,,23407,385379190,509567425
34250,5,56436,05-01-2024 23:05:54,,12246,706644911,911016126
33104,5,85786,05-01-2024 15:03:30,,41190,310363017,394173417
33915,5,50694,05-01-2024 20:48:15,,20505,745017191,854081599
34608,5,95427,06-01-2024 01:33:12,,3408,1973788,2047164
33893,5,35839,05-01-2024 20:39:44,,21016,6173787972,11592628501
33952,5,76260,05-01-2024 20:51:07,,20333,597750805,721162766
33304,5,23277,05-01-2024 16:27:31,,36149,164676745,189676462
33664,5,25042,05-01-2024 19:03:46,,26774,189334425,226763447
34295,5,37899,05-01-2024 23:21:12,,11328,3695480053,9916118022
34439,5,48016,06-01-2024 00:12:41,,8239,113023072,154593479
32997,5,23653,05-01-2024 14:10:13,,44387,336152633,475131632
34659,5,3907,06-01-2024 01:58:26,,1894,18022712,24196462
34488,5,99847,06-01-2024 00:35:21,,6879,75476910,84728416
32464,5,14276,05-01-2024 10:32:59,,57421,574119641,846103116
34081,5,76064,05-01-2024 21:59:12,,16248,281225763,416393289
34459,5,35884,06-01-2024 00:22:49,,7631,217197181,224846483
34630,5,55206,06-01-2024 01:42:28,,2852,47338722,59805994
34489,5,29760,06-01-2024 00:33:30,,6990,91561249,123276269
34535,5,63106,06-01-2024 00:51:22,,5918,166601123,223045373
32660,5,18916,05-01-2024 11:50:05,,52795,1740835443,2013867081
32377,5,99864,05-01-2024 09:59:15,,59445,2194606379,2519453222
34609,5,50347,06-01-2024 01:38:40,,3080,18155192,18355534
33810,5,98258,05-01-2024 20:06:14,,23026,529400113,666725522
33580,5,66776,05-01-2024 18:20:30,,29370,968476326,1448250115
34631,5,22512,06-01-2024 01:43:47,,2773,178180167,195582519
33763,5,77456,05-01-2024 19:47:58,,24122,1203891425,1213856205
34036,5,33813,05-01-2024 21:31:43,,17897,7286132234,17738762155
33874,5,35518,05-01-2024 20:29:48,,21612,410168141,536597024
34632,5,95788,06-01-2024 01:42:15,,2865,409010576,1202711504
34660,5,48213,06-01-2024 01:54:53,,2107,43501885,51655794
34364,5,79775,05-01-2024 23:41:04,,10136,896654356,927664310
34661,5,49988,06-01-2024 01:59:13,,1847,112248646,132685718
32704,5,34575,05-01-2024 12:18:45,,51075,264762106,327907003
34037,5,64079,05-01-2024 21:39:11,,17449,313499739,415878328
34296,5,68308,05-01-2024 23:22:55,,11225,374779656,377410226
34251,5,65168,05-01-2024 23:02:07,,12473,161163738,222751956
32356,5,46072,05-01-2024 09:48:57,,60063,14882770298,32226963449
34278,5,58661,05-01-2024 23:12:01,,11879,246197659,304867393
33505,5,60083,05-01-2024 17:51:32,,31108,532173312,783983083
33407,5,59666,05-01-2024 17:17:38,,33142,235184224,296891613
34082,5,63564,05-01-2024 21:59:31,,16229,324459761,389379681
34396,5,47721,05-01-2024 23:51:09,,9531,85870521,117586853
34440,5,59810,06-01-2024 00:12:39,,8241,171379897,248204455
33953,5,73450,05-01-2024 20:59:07,,19853,115121910,161979766
33408,5,75874,05-01-2024 17:15:53,,33247,206076950,289696454
32998,5,83028,05-01-2024 14:19:00,,43860,824256700,907291460
33697,5,17469,05-01-2024 19:11:14,,26326,148242959,184871060
33281,5,61469,05-01-2024 16:15:24,,36876,906942473,1321885020
33506,5,40372,05-01-2024 17:50:10,,31190,599726417,782038723
32689,5,7930,05-01-2024 12:04:22,,51938,589281311,600403215
33665,5,94172,05-01-2024 19:08:45,,26475,545292199,705415251
34252,5,64153,05-01-2024 23:08:17,,12103,4905868497,12473785584
33532,5,47651,05-01-2024 18:07:10,,30170,105306935,131861740
33252,5,8779,05-01-2024 16:00:03,,37797,19499777579,40068201733
33556,5,67431,05-01-2024 18:13:34,,29786,1028895040,1234806670
34297,5,4191,05-01-2024 23:23:02,,11218,765925249,820556062
33737,5,78536,05-01-2024 19:35:31,,24869,665124045,735035756
34057,5,88458,05-01-2024 21:46:18,,17022,8435245,11021626
32209,5,30924,05-01-2024 08:49:37,,63623,885074172,1315146924
33105,5,78934,05-01-2024 15:04:05,,41155,1676296631,1712951146
34058,5,66795,05-01-2024 21:48:13,,16907,106459370,124918030
34298,5,91916,05-01-2024 23:22:28,,11252,200849300,225327584
34694,5,83929,06-01-2024 02:19:45,,615,11952708,14391825
34083,5,45991,05-01-2024 21:50:04,,16796,478438894,521316368
34038,5,23357,05-01-2024 21:39:48,,17412,61422288,70256802
34675,5,20325,06-01-2024 02:00:57,,1743,28897866,34542984
34131,5,6356,05-01-2024 22:14:16,,15344,840426760,988793851
33894,5,12818,05-01-2024 20:31:35,,21505,6421841646,16546982812
33875,5,28746,05-01-2024 20:25:29,,21871,240312175,344358977
34327,5,72904,05-01-2024 23:37:37,,10343,627098760,1250975093
32969,5,89033,05-01-2024 14:09:17,,44443,1318856949,1896086505
33738,5,13302,05-01-2024 19:33:32,,24988,194782639,232154073
34253,5,67423,05-01-2024 23:03:27,,12393,475639385,548349065
32566,5,33906,05-01-2024 11:19:53,,54607,778249468,911846648
32881,5,6826,05-01-2024 13:21:39,,47301,10397277991,24355869741
33715,5,91754,05-01-2024 19:27:25,,25355,158551848,176460175
33787,5,58489,05-01-2024 19:56:17,,23623,4150712715,9836563339
33811,5,68827,05-01-2024 20:02:06,,23274,8546710451,22255557558
33366,5,47958,05-01-2024 16:58:52,,34268,7593102415,22486536077
34108,5,51901,05-01-2024 22:05:18,,15882,164829990,193652768
34084,5,9387,05-01-2024 21:58:08,,16312,250288694,362764596
32859,5,14782,05-01-2024 13:11:22,,47918,16767820157,42736389776
34571,5,97229,06-01-2024 01:11:07,,4733,1093194000,2492869491
33557,5,72783,05-01-2024 18:12:51,,29829,1983583700,2539005172
34441,5,41753,06-01-2024 00:15:49,,8051,136734622,156681382
34633,5,50146,06-01-2024 01:49:47,,2413,1975933,2642611
33088,5,39481,05-01-2024 14:54:53,,41707,3052984502,3317143786
34549,5,23159,06-01-2024 01:00:55,,5345,114997725,151248614
34179,5,21162,05-01-2024 22:30:17,,14383,213343763,249472747
33990,5,11801,05-01-2024 21:11:16,,19124,635304126,674530180
34254,5,35580,05-01-2024 23:09:30,,12030,187718618,223795598
33018,5,18426,05-01-2024 14:27:33,,43347,1774996709,1183900861
33305,5,78134,05-01-2024 16:24:27,,36333,1583532454,2004125960
34727,5,63253,06-01-2024 02:22:18,,462,8905642,11663539
34442,5,66529,06-01-2024 00:11:45,,8295,79759323,91248441
34572,5,18813,06-01-2024 01:12:35,,4645,25517372,25645987
33991,5,73961,05-01-2024 21:10:02,,19198,518403382,696076999
33367,5,24114,05-01-2024 16:59:06,,34254,690403535,719147508
32860,5,37178,05-01-2024 13:11:12,,47928,154917749,201973697
32833,5,46692,05-01-2024 13:01:20,,48520,1953699987,2868710823
33895,5,29733,05-01-2024 20:38:32,,21088,635820105,646888341
32442,5,43692,05-01-2024 10:23:38,,57982,17870836769,45539159177
34204,5,71977,05-01-2024 22:43:44,,13576,1120590271,1259298309
34059,5,4824,05-01-2024 21:41:10,,17330,58083772,80808669
32970,5,99724,05-01-2024 14:09:49,,44411,115027105,159931004
34255,5,40522,05-01-2024 23:09:13,,12047,160224533,237439308
32518,5,73787,05-01-2024 10:54:22,,56138,121762253,164448173
34328,5,10406,05-01-2024 23:36:00,,10440,532232339,624815502
34060,5,97713,05-01-2024 21:46:28,,17012,222360066,249916005
34728,5,67552,06-01-2024 02:22:15,,465,6272404,8442624
34180,5,67469,05-01-2024 22:30:32,,14368,193615233,256378433
33069,5,82043,05-01-2024 14:43:53,,42367,6445628662,16014477336
32715,5,64479,05-01-2024 12:29:09,,50451,697618148,746480282
33640,5,55869,05-01-2024 18:52:23,,27457,180148930,233980864
34634,5,54958,06-01-2024 01:48:13,,2507,198768630,283894698
34256,5,12463,05-01-2024 23:05:03,,12297,481148918,489301173
33666,5,84090,05-01-2024 19:06:35,,26605,486589615,528137193
33409,5,9501,05-01-2024 17:18:50,,33070,201882904,252739954
34365,5,14378,05-01-2024 23:43:18,,10002,109478730,129184331
34205,5,85572,05-01-2024 22:41:31,,13709,633934933,794629029
34695,5,52421,06-01-2024 02:13:56,,964,412783346,983537981
33916,5,85000,05-01-2024 20:46:18,,20622,1067327971,1453695085
33106,5,84099,05-01-2024 15:05:09,,41091,7560371359,5215664386
33836,5,96915,05-01-2024 20:11:54,,22686,75155252,75974797
33837,5,70239,05-01-2024 20:10:25,,22775,205172962,258363757
33480,5,65613,05-01-2024 17:46:50,,31390,629051359,797867068
32882,5,63021,05-01-2024 13:29:27,,46833,873157780,1188289637
32801,5,92651,05-01-2024 12:58:42,,48678,38000831,56449313
34015,5,23265,05-01-2024 21:21:46,,18494,410780854,532759776
34366,5,40214,05-01-2024 23:43:13,,10007,308709363,417847574
32568,5,11422,05-01-2024 11:13:07,,55013,14499115742,29049512963
33812,5,22385,05-01-2024 20:09:29,,22831,1893159153,1975502995
32084,5,47860,05-01-2024 07:52:19,06-01-2024 02:28:26,66967,12330005733,23007635317
33393,5,59111,05-01-2024 17:05:32,,33868,1173830899,1222537112
33992,5,47243,05-01-2024 21:12:40,,19040,105760159,142881068
34061,5,9165,05-01-2024 21:49:20,,16840,192362768,203150584
33133,5,74821,05-01-2024 15:18:10,,40310,655671242,869773004
34109,5,86713,05-01-2024 22:08:16,,15704,530931479,609842545
34085,5,82631,05-01-2024 21:59:56,,16204,2846872485,1717097828
34300,5,82336,05-01-2024 23:23:37,,11183,1034699908,1251194909
34133,5,68892,05-01-2024 22:15:33,,15267,514714859,566291925
33716,5,84303,05-01-2024 19:26:34,,25406,448015744,538306003
33394,5,80445,05-01-2024 17:08:37,,33683,18183594200,35085381917
33034,5,76212,05-01-2024 14:32:48,,43032,1401777600,1598017397
33253,5,39269,05-01-2024 16:05:32,,37468,250953372,292323032
33699,5,83708,05-01-2024 19:15:09,,26091,6499888568,14677073781
32284,5,15993,05-01-2024 09:19:50,,61810,3214382883,3524859628
34039,5,17383,05-01-2024 21:33:32,,17788,620668342,642371732
34062,5,5739,05-01-2024 21:48:11,,16909,49737787,74231893
32941,5,90920,05-01-2024 13:58:19,,45101,776956221,817097827
34016,5,31082,05-01-2024 21:28:20,,18100,204414662,220776053
34154,5,83180,05-01-2024 22:25:37,,14663,465571364,531853521
33813,5,34881,05-01-2024 20:04:20,,23140,3178930026,3655446404
33461,5,34021,05-01-2024 17:39:48,,31812,437431572,598433005
34415,5,75279,06-01-2024 00:01:05,,8935,483241080,662225881
33620,5,72522,05-01-2024 18:48:56,,27664,11602169409,30641659732
34511,5,27565,06-01-2024 00:47:15,,6165,50959436,67967966
34329,5,80947,05-01-2024 23:35:51,,10449,93489089,103598859
33739,5,92741,05-01-2024 19:32:49,,25031,270610237,274534330
33070,5,76127,05-01-2024 14:49:33,,42027,1152134010,1526134302
34696,5,72064,06-01-2024 02:15:21,,879,39765833,41002075
33838,5,17759,05-01-2024 20:13:41,,22579,393366572,519461384
34416,5,34320,06-01-2024 00:08:13,,8507,1607631178,3750973602
34330,5,29075,05-01-2024 23:39:03,,10257,57896199,68224159
34676,5,37992,06-01-2024 02:02:08,,1672,70879308,105632933
33740,5,22998,05-01-2024 19:35:01,,24899,561997447,649303421
33462,5,22206,05-01-2024 17:32:55,,32225,149779046,184042466
34512,5,39825,06-01-2024 00:46:03,,6237,390755542,472399952
32771,5,37086,05-01-2024 12:42:43,,49637,1948995204,2861150757
34513,5,58641,06-01-2024 00:40:04,,6596,74341185,91584634
33741,5,69623,05-01-2024 19:33:21,,24999,235671374,257131619
34635,5,19990,06-01-2024 01:44:48,,2712,1024503417,2545587763
34134,5,55641,05-01-2024 22:11:49,06-01-2024 02:28:46,15417,743734177,783141250
34697,5,57709,06-01-2024 02:17:20,,760,5444444,5961579
33917,5,10819,05-01-2024 20:48:45,,20475,71070351,95424360
34698,5,12430,06-01-2024 02:14:14,,946,37077633,42893885
34222,5,34056,05-01-2024 22:56:21,,12819,617316934,637368229
33395,5,66101,05-01-2024 17:03:42,,33978,250266613,293939849
34610,5,88010,06-01-2024 01:33:23,,3397,126312049,132807285
33641,5,64562,05-01-2024 18:54:43,,27317,458093802,585349191
32971,5,35002,05-01-2024 14:02:38,,44842,324248719,327744457
33463,5,23570,05-01-2024 17:34:48,,32112,126317518,142937985
32803,5,95460,05-01-2024 12:58:30,,48690,579256050,867597741
33370,5,73373,05-01-2024 16:57:10,,34370,468606278,547615724
32942,5,83084,05-01-2024 13:58:24,,45096,1202118048,1519961776
32752,5,79000,05-01-2024 12:32:16,,50264,1544873771,1765567180
33558,5,99509,05-01-2024 18:11:41,,29899,572307859,817474459
34367,5,57715,05-01-2024 23:40:01,,10199,4052414818,11037017661
34589,5,52053,06-01-2024 01:25:26,,3874,99517944,112072219
33020,5,70424,05-01-2024 14:29:22,,43238,5907219701,4106503957
32926,5,94045,05-01-2024 13:49:38,,45622,373484088,518992917
34611,5,18001,06-01-2024 01:30:40,,3560,357724619,375232591
32717,5,95676,05-01-2024 12:22:12,,50868,2190981069,2642666580
33607,5,26760,05-01-2024 18:37:17,,28363,1140101157,1486899760
33306,5,49980,05-01-2024 16:20:30,,36570,660718062,661006783
33743,5,85406,05-01-2024 19:34:14,,24946,476919452,647637443
32690,5,18311,05-01-2024 12:00:45,,52155,1990484218,2270865065
34223,5,70142,05-01-2024 22:53:09,06-01-2024 02:23:16,12607,330997726,337863259
34063,5,13158,05-01-2024 21:41:08,,17332,604680537,648172505
33642,5,26120,05-01-2024 18:56:20,,27220,1238425329,1283947393
34110,5,52464,05-01-2024 22:02:56,,16024,414171252,496498028
34155,5,91915,05-01-2024 22:23:01,,14819,29469044,34550421
34135,5,40482,05-01-2024 22:18:38,,15082,242043924,308644345
34514,5,23928,06-01-2024 00:40:28,,6572,112855026,167148216
34612,5,72647,06-01-2024 01:34:59,,3301,92995008,98948074
32753,5,94730,05-01-2024 12:32:15,,50265,1202077421,1319826682
34417,5,12049,06-01-2024 00:07:34,,8546,35665574,43740893
34041,5,80058,05-01-2024 21:35:22,,17678,191017293,197395227
32883,5,38007,05-01-2024 13:21:38,,47302,1164938927,1710509107
34699,5,55640,06-01-2024 02:18:10,,710,26001240,37572414
33788,5,72540,05-01-2024 19:59:45,,23415,3503396,4890052
33744,5,60962,05-01-2024 19:32:37,,25043,127401964,150318566
34573,5,52726,06-01-2024 01:15:17,,4483,101024394,128210103
33371,5,56919,05-01-2024 16:53:02,,34618,17700099843,37428738346
33839,5,55806,05-01-2024 20:15:35,,22465,519463291,774916788
33507,5,40927,05-01-2024 17:58:57,,30663,10260032852,20092359378
34279,5,48913,05-01-2024 23:10:49,,11951,862996358,1005250014
32804,5,34581,05-01-2024 12:52:30,,49050,975438754,1357909121
34257,5,26436,05-01-2024 23:01:34,,12506,313042114,346107627
33227,5,96994,05-01-2024 15:52:36,,38244,39422385,45173210
32398,5,96347,05-01-2024 10:07:46,,58934,84008588,86676967
34086,5,28198,05-01-2024 21:53:00,,16620,730085216,913752072
34729,5,9971,06-01-2024 02:29:12,,48,20273,20680
33432,5,37384,05-01-2024 17:27:28,,32552,10703271649,20338665405
32358,5,29477,05-01-2024 09:49:26,,60034,709058380,753333932
33973,5,52912,05-01-2024 21:02:34,,19646,1638003487,2100711685
34157,5,64610,05-01-2024 22:20:12,,14988,278538259,302645927
34490,5,23410,06-01-2024 00:34:28,,6932,85722811,103427777
33994,5,82417,05-01-2024 21:11:29,,19111,812874515,978696110
33920,5,72820,05-01-2024 20:48:12,,20508,6872441557,13925366450
34136,5,14860,05-01-2024 22:15:26,,15274,285008484,330838220
32592,5,28475,05-01-2024 11:28:18,,54102,200572586,232229169
34111,5,34055,05-01-2024 22:08:57,,15663,179351264,182764079
34491,5,12870,06-01-2024 00:35:29,,6871,344051760,426627716
34418,5,18185,06-01-2024 00:08:58,,8462,49161939,66162651
34112,5,64438,05-01-2024 22:04:41,,15919,553447412,797666961
34419,5,35024,06-01-2024 00:03:14,,8806,2469724319,5347524712
33089,5,77892,05-01-2024 14:54:51,,41709,1415981828,2075047933
33021,5,83670,05-01-2024 14:25:05,,43495,6647777504,4626478391
34206,5,28599,05-01-2024 22:43:28,,13592,3095808836,6075208472
34550,5,75320,06-01-2024 01:01:47,,5293,108371266,108965229
33255,5,37058,05-01-2024 16:06:39,,37401,679102701,968289530
33134,5,92133,05-01-2024 15:10:51,,40749,670693959,917782699
33285,5,17483,05-01-2024 16:17:23,,36757,274095570,401701085
34636,5,84560,06-01-2024 01:46:45,,2595,192496521,251178253
33840,5,16184,05-01-2024 20:18:08,,22312,641050625,875345449
32972,5,94661,05-01-2024 14:06:27,06-01-2024 02:20:08,44021,877417793,907307066
33534,5,27058,05-01-2024 18:03:38,,30382,559913364,583382793
33974,5,54988,05-01-2024 21:07:58,,19322,324540175,402778064
32706,5,44148,05-01-2024 12:11:32,,51508,1165782282,1704934463
33814,5,84897,05-01-2024 20:00:44,,23356,1434662659,1940235332
32641,5,54864,05-01-2024 11:48:46,,52874,613780609,800366316
34397,5,29134,05-01-2024 23:51:02,,9538,386267982,443918798
34087,5,13907,05-01-2024 21:51:55,,16685,256549102,278492063
34551,5,6343,06-01-2024 01:07:27,,4953,135834678,141027970
34590,5,7423,06-01-2024 01:24:11,,3949,172413445,186094537
33372,5,82804,05-01-2024 16:55:38,,34462,514377870,721491566
34280,5,55937,05-01-2024 23:10:16,,11984,343969326,369315707
34088,5,60533,05-01-2024 21:57:38,,16342,83125081,114261437
33561,5,60866,05-01-2024 18:13:06,,29814,382461326,466870984
34574,5,83843,06-01-2024 01:12:52,,4628,71139032,90301988
33307,5,95984,05-01-2024 16:28:44,,36076,713746003,1005974869
33842,5,40430,05-01-2024 20:18:09,,22311,540694452,606476996
32618,5,94531,05-01-2024 11:39:34,,53426,90814786,100851303
33746,5,73819,05-01-2024 19:36:08,,24832,164543094,167565572
34700,5,41261,06-01-2024 02:11:37,,1103,7914801,10184043
34637,5,23163,06-01-2024 01:43:48,,2772,15446180,21509930
33668,5,33512,05-01-2024 19:09:25,,26435,373541924,431894568
33669,5,78260,05-01-2024 19:07:34,,26546,670549140,914569349
33508,5,64257,05-01-2024 17:55:24,,30876,2853807118,2992273477
34302,5,81068,05-01-2024 23:29:48,,10812,84582548,88811941
33789,5,77394,05-01-2024 19:52:37,,23843,7027127117,14646520971
34515,5,5429,06-01-2024 00:47:32,,6148,66704394,93841048
33896,5,85148,05-01-2024 20:33:05,,21415,232862550,288350615
32213,5,25678,05-01-2024 08:43:27,06-01-2024 02:28:11,63884,2446632286,2576791536
34281,5,96461,05-01-2024 23:12:38,,11842,447133652,541383823
34303,5,66134,05-01-2024 23:24:21,,11139,2141663336,5262802159
34398,5,14930,05-01-2024 23:56:31,,9209,143548112,151918158
34420,5,23929,06-01-2024 00:01:36,,8904,938285219,635332514
34552,5,31792,06-01-2024 01:04:10,,5150,6485004,8355115
33717,5,18946,05-01-2024 19:21:53,,25687,83807916,92694591
33433,5,22224,05-01-2024 17:28:31,,32489,418107267,613725592
33975,5,46569,05-01-2024 21:08:42,,19278,508370602,616093789
33071,5,35780,05-01-2024 14:40:17,,42583,1539244173,1912626362
34017,5,84986,05-01-2024 21:27:12,,18168,70987419,90768051
33327,5,29127,05-01-2024 16:35:15,,35685,1567743744,2338585142
33072,5,92330,05-01-2024 14:44:02,,42358,719602510,726519328
34158,5,72164,05-01-2024 22:22:52,,14828,393180283,496245332
34638,5,16658,06-01-2024 01:43:41,,2779,2319745,2545394
34137,5,64376,05-01-2024 22:12:36,,15444,403115165,427537130
34492,5,57041,06-01-2024 00:32:37,,7043,2463226027,4704370700
34443,5,43062,06-01-2024 00:18:56,,7864,392490195,442868544
33921,5,29021,05-01-2024 20:44:57,,20703,623471538,695551579
32719,5,18980,05-01-2024 12:25:19,,50681,1240477113,1691310034
32838,5,71510,05-01-2024 13:04:09,,48351,2642281235,3643009903
33562,5,93192,05-01-2024 18:16:55,,29585,137368560,162528636
34516,5,21862,06-01-2024 00:40:36,,6564,74561347,93000245
33702,5,61364,05-01-2024 19:13:53,,26167,5641478991,13309251417
33747,5,32138,05-01-2024 19:39:55,,24605,752097117,988471907
34368,5,65894,05-01-2024 23:42:33,,10047,416306273,588807474
33535,5,81529,05-01-2024 18:09:29,,30031,2172405233,2373273543
33644,5,8826,05-01-2024 18:58:04,,27116,424782498,479904283
33412,5,78208,05-01-2024 17:10:29,,33571,1166229406,1671084302
32691,5,81321,05-01-2024 12:04:24,,51936,1332657755,1703840458
33257,5,44241,05-01-2024 16:01:46,,37694,15248797976,40515281787
34613,5,73625,06-01-2024 01:34:54,,3306,417881182,456724498
33995,5,9474,05-01-2024 21:17:16,,18764,65478045,78848223
33396,5,15179,05-01-2024 17:08:22,,33698,13020046201,24645264658
33718,5,15224,05-01-2024 19:25:18,,25482,6767382917,13213101446
34493,5,33443,06-01-2024 00:35:21,,6879,23583691,32570070
33898,5,81517,05-01-2024 20:38:17,,21103,637523959,723998830
34183,5,62898,05-01-2024 22:38:16,,13904,707669713,827530703
33435,5,27151,05-01-2024 17:25:49,,32651,676763882,799823156
34701,5,82126,06-01-2024 02:18:19,,701,50689844,64845774
32308,5,56377,05-01-2024 09:23:49,,61571,1364405595,2030533194
34639,5,52459,06-01-2024 01:42:25,,2855,230276263,470457873
34225,5,33218,05-01-2024 22:56:30,,12810,388740646,396180600
33090,5,65204,05-01-2024 14:54:48,,41712,3430939228,3897886035
34399,5,25070,05-01-2024 23:59:08,,9052,279208879,342350069
33670,5,57341,05-01-2024 19:07:21,,26559,2628365,2876029
33996,5,69045,05-01-2024 21:17:37,,18743,8303851794,16395527403
34138,5,66899,05-01-2024 22:19:15,,15045,161285676,178283852
34208,5,84685,05-01-2024 22:47:13,,13367,2288530178,4555986273
32425,5,37857,05-01-2024 10:13:47,,58573,5078829628,14954965498
33843,5,30221,05-01-2024 20:15:42,,22458,608049886,683389608
34139,5,14194,05-01-2024 22:16:16,,15224,109573101,138168597
34421,5,18061,06-01-2024 00:07:28,,8552,151585232,187474378
33748,5,17627,05-01-2024 19:38:21,,24699,6464607519,17969948741
33877,5,30240,05-01-2024 20:21:22,,22118,1280736531,1676807119
34331,5,82140,05-01-2024 23:39:50,,10210,305276328,331824778
33976,5,34752,05-01-2024 21:08:54,,19266,1285966877,1918868803
33899,5,6228,05-01-2024 20:32:17,,21463,474601141,655212715
32520,5,33895,05-01-2024 10:57:12,,55968,1046796833,1238899739
33977,5,41697,05-01-2024 21:08:11,,19309,183089016,202379438
33621,5,60486,05-01-2024 18:42:31,,28049,1364222097,1760324541
33206,5,5127,05-01-2024 15:47:53,,38527,2149936368,2964547712
32468,5,99296,05-01-2024 10:32:39,,57441,4026517507,4211200207
33536,5,77371,05-01-2024 18:05:51,,30249,163862076,188374437
34400,5,37675,05-01-2024 23:57:16,,9164,31836019,37674717
34043,5,76054,05-01-2024 21:34:36,,17724,471189556,608148380
32643,5,71103,05-01-2024 11:45:18,,53082,3280362825,3644668113
32547,5,5667,05-01-2024 11:05:08,,55492,462129054,692227611
32928,5,29633,05-01-2024 13:40:22,,46178,1955918359,2618215464
32215,5,4899,05-01-2024 08:46:32,,63808,365509908,481736988
33041,5,96810,05-01-2024 14:34:12,,42948,468596379,513904745
34460,5,95647,06-01-2024 00:29:49,,7211,87695870,91009715
34258,5,43059,05-01-2024 23:00:46,,12554,75196725,109255659
34113,5,96420,05-01-2024 22:01:38,,16102,286500313,308632424
34444,5,95167,06-01-2024 00:11:58,,8282,441079031,473691486
33956,5,55875,05-01-2024 20:51:34,,20306,141256589,197611889
34332,5,62816,05-01-2024 23:37:45,,10335,612188956,760523076
34677,5,36073,06-01-2024 02:07:41,,1339,77533262,99736608
33350,5,11595,05-01-2024 16:44:27,,35133,130110140,144607651
34226,5,94190,05-01-2024 22:50:40,,13160,263501975,285705274
33233,5,90924,05-01-2024 15:57:36,,37944,1990626784,2167520583
34370,5,23458,05-01-2024 23:42:29,,10051,66431763,72782122
34159,5,4095,05-01-2024 22:25:59,,14641,305481201,426067494
34282,5,25635,05-01-2024 23:13:37,,11783,114165714,128835810
33466,5,93657,05-01-2024 17:36:02,,32038,873462572,882557632
33042,5,34063,05-01-2024 14:33:16,,43004,1028100086,1442010759
33900,5,33660,05-01-2024 20:30:39,,21561,500287006,635872639
34614,5,89190,06-01-2024 01:32:03,,3477,76572561,92267282
33957,5,40961,05-01-2024 20:55:20,,20080,8531846261,16424869981
33510,5,9974,05-01-2024 17:52:57,,31023,907280395,1076639291
34227,5,7434,05-01-2024 22:57:04,,12776,302909326,347412922
34461,5,30814,06-01-2024 00:21:03,,7737,500070258,517900029
34640,5,98268,06-01-2024 01:41:49,,2891,167756964,174109807
34184,5,79057,05-01-2024 22:30:24,,14376,1472455616,1854870077
33043,5,23759,05-01-2024 14:33:49,,42971,9425015615,20803351497
34575,5,84932,06-01-2024 01:18:22,,4298,312604185,315019083
32929,5,58360,05-01-2024 13:48:20,,45700,1119854565,1539833803
32946,5,56379,05-01-2024 13:51:02,,45538,125719975,142068260
34371,5,30110,05-01-2024 23:42:32,,10048,3857725736,7767294549
33901,5,85467,05-01-2024 20:30:57,,21543,5469325772,13103708993
33022,5,33170,05-01-2024 14:24:45,,43515,224658146,274787882
33329,5,34748,05-01-2024 16:39:31,,35429,1046430438,1392031578
34615,5,26303,06-01-2024 01:35:00,,3300,153026857,169857135
33397,5,97922,05-01-2024 17:00:21,,34179,283521880,329660422
34494,5,19920,06-01-2024 00:38:04,,6716,200446296,257568705
34462,5,19970,06-01-2024 00:20:29,,7771,35035542,40082824
33645,5,27863,05-01-2024 18:54:11,,27349,10248762212,6219345691
34641,5,43127,06-01-2024 01:40:53,,2947,1125849347,2409888817
33564,5,35602,05-01-2024 18:19:51,,29409,132772416,135825391
34185,5,26544,05-01-2024 22:33:14,,14206,2450540146,6533862552
32807,5,81349,05-01-2024 12:53:49,,48971,316779409,451371587
33137,5,45808,05-01-2024 15:19:52,,40208,2139011501,2504117099
32668,5,95688,05-01-2024 11:51:05,,52735,23630948435,51500868583
33671,5,26778,05-01-2024 19:06:36,,26604,199853206,222205361
34401,5,99039,05-01-2024 23:59:44,,9016,281087527,340187992
34678,5,93804,06-01-2024 02:02:15,,1665,50824471,51809251
33161,5,6870,05-01-2024 15:24:25,,39935,2842437900,3399169359
32947,5,94416,05-01-2024 13:55:25,,45275,987208961,1053261563
34422,5,37177,06-01-2024 00:00:06,,8994,1938273074,5659916683
32522,5,11719,05-01-2024 10:57:20,,55960,2516080711,3236852482
34662,5,58113,06-01-2024 01:58:48,,1872,109657006,118605008
32575,5,84714,05-01-2024 11:14:16,,54944,640197549,794851746
34517,5,45273,06-01-2024 00:43:32,,6388,79174372,87849361
34334,5,36432,05-01-2024 23:33:47,,10573,1110840763,1336765356
34463,5,12835,06-01-2024 00:27:19,,7361,41009047,45768763
34445,5,79094,06-01-2024 00:13:28,,8192,1272319034,3168786259
32549,5,48701,05-01-2024 11:02:59,,55621,1424535991,1714388179
33608,5,15410,05-01-2024 18:37:42,,28338,107709003,134237601
33878,5,93702,05-01-2024 20:25:06,,21894,447744339,603625977
34464,5,49820,06-01-2024 00:20:28,,7772,74074774,92837621
33749,5,85911,05-01-2024 19:30:26,,25174,435437791,436162872
32550,5,40710,05-01-2024 11:09:52,,55208,1163753193,1461079661
33978,5,24852,05-01-2024 21:04:22,,19538,702660676,866091159
33005,5,26185,05-01-2024 14:11:09,,44331,435913426,597179625
34259,5,95341,05-01-2024 23:00:46,,12554,2300700146,5988450483
34730,5,87541,06-01-2024 02:26:35,,205,156601449,353157368
34335,5,39029,05-01-2024 23:33:46,,10574,279798231,405798452
32669,5,96796,05-01-2024 11:59:41,,52219,1992648941,2261747884
34228,5,39684,05-01-2024 22:55:28,,12872,305067797,315237138
32808,5,85438,05-01-2024 12:58:33,,48687,5421203760,3283014236
32973,5,85507,05-01-2024 14:07:33,,44547,523668610,599667946
34337,5,71348,05-01-2024 23:32:26,,10654,1553012446,4320788451
34229,5,8560,05-01-2024 22:52:14,,13066,437045976,583979202
33436,5,64847,05-01-2024 17:20:54,,32946,632125927,788944017
34090,5,30022,05-01-2024 21:57:17,,16363,2237083515,1544426741
33235,5,87992,05-01-2024 15:55:37,,38063,1888098427,2165758550
33922,5,54132,05-01-2024 20:47:46,,20534,7904852954,20091069348
34679,5,38645,06-01-2024 02:09:23,,1237,5854619,7216802
33879,5,69223,05-01-2024 20:23:28,,21992,503074733,742351841
34591,5,26995,06-01-2024 01:24:56,,3904,15948778,19110674
32862,5,71868,05-01-2024 13:19:51,,47409,1035590601,1166878213
34064,5,78918,05-01-2024 21:43:28,,17192,962798173,1161093566
34230,5,83723,05-01-2024 22:55:13,,12887,33139509,39632142
33006,5,37954,05-01-2024 14:12:10,,44270,251249628,282996391
34518,5,15464,06-01-2024 00:44:22,,6338,2051961713,4135153756
34731,5,62856,06-01-2024 02:26:54,,186,1160668,1256751
33624,5,84687,05-01-2024 18:45:01,,27899,1879254169,1903567541
34519,5,13605,06-01-2024 00:42:28,,6452,60423405,87443417
34495,5,19999,06-01-2024 00:35:37,,6863,53557420,56286021
33609,5,72215,05-01-2024 18:33:03,,28617,1281462542,1688664201
33816,5,36714,05-01-2024 20:05:52,,23048,761278521,773254822
34465,5,16711,06-01-2024 00:20:33,,7767,116893834,161886968
33413,5,22451,05-01-2024 17:14:43,,33317,293804779,346810927
33719,5,44346,05-01-2024 19:24:18,,25542,12815385877,24710553015
33672,5,31274,05-01-2024 19:02:56,,26824,167386476,225620074
32644,5,8489,05-01-2024 11:41:55,,53285,2823670893,2988714681
34732,5,66240,06-01-2024 02:28:29,,91,537542,597777
33583,5,81510,05-01-2024 18:25:57,,29043,1134641400,1141072972
33236,5,67951,05-01-2024 15:56:41,,37999,14318510170,27975562258
34160,5,37906,05-01-2024 22:21:06,,14934,175764330,260924799
33844,5,43942,05-01-2024 20:14:59,,22501,271738221,380133870
34045,5,53606,05-01-2024 21:35:44,,17656,6122549185,15553792199
33208,5,15496,05-01-2024 15:42:43,,38837,287462575,314441180
32708,5,21140,05-01-2024 12:11:05,,51535,2163085977,2409599663
34161,5,32624,05-01-2024 22:20:26,,14974,209871065,267839296
34338,5,68062,05-01-2024 23:31:22,,10718,334105898,472451930
33484,5,99244,05-01-2024 17:41:43,,31697,723851902,924415090
33565,5,82379,05-01-2024 18:16:44,,29596,7342920212,21998768148
34231,5,84150,05-01-2024 22:58:07,,12713,373594525,396399617
34466,5,56596,06-01-2024 00:20:49,,7751,33457436,41973292
34467,5,95004,06-01-2024 00:24:28,,7532,1507287784,3596340317
34663,5,83748,06-01-2024 01:50:58,,2342,64640081,68451506
33766,5,70153,05-01-2024 19:41:15,,24525,12369029227,24740153110
34664,5,48117,06-01-2024 01:52:31,,2249,30779687,38825692
33351,5,62296,05-01-2024 16:44:00,,35160,537639529,548677426
32974,5,20842,05-01-2024 14:00:20,,44980,668946556,799606829
33673,5,38075,05-01-2024 19:04:50,,26710,421776184,532928158
34665,5,81223,06-01-2024 01:52:08,,2272,85079234,125534925
34162,5,21374,05-01-2024 22:21:42,,14898,267146259,306484527
33237,5,17242,05-01-2024 15:59:31,,37829,906523268,1063062298
33045,5,24377,05-01-2024 14:37:41,,42739,2689105546,7840143139
33817,5,9419,05-01-2024 20:01:44,,23296,72384391,106600479
34019,5,64418,05-01-2024 21:24:04,,18356,7321318,8725495
34065,5,57534,05-01-2024 21:47:59,,16921,414514011,576574406
32887,5,81625,05-01-2024 13:26:22,,47018,13759664054,31303848437
33113,5,84953,05-01-2024 15:07:16,,40964,931506094,1049084626
33467,5,93920,05-01-2024 17:34:55,,32105,738548332,1079475249
32401,5,96797,05-01-2024 10:02:13,,59267,589376970,759388186
34260,5,17537,05-01-2024 23:04:43,,12317,5045243975,9719942640
33958,5,29724,05-01-2024 20:50:15,,20385,503738235,743854977
33512,5,16007,05-01-2024 17:58:37,,30683,1529118638,1611828647
34261,5,85503,05-01-2024 23:09:48,,12012,640159446,932554204
33537,5,77684,05-01-2024 18:08:30,,30090,358991852,406569736
33046,5,26066,05-01-2024 14:30:59,,43141,638125516,797982938
33047,5,67229,05-01-2024 14:34:51,,42909,339393783,491181688
32264,5,51370,05-01-2024 09:03:39,,62781,1365415532,1552703197
33023,5,96382,05-01-2024 14:25:44,,43456,2150313348,2771492025
34680,5,55107,06-01-2024 02:05:38,,1462,199820990,113760790
34536,5,69847,06-01-2024 00:51:42,,5898,49176746,67177829
34446,5,81261,06-01-2024 00:14:05,,8155,9011179,9388364
33792,5,71913,05-01-2024 19:57:24,,23556,8457778905,21669212180
34402,5,94136,05-01-2024 23:56:33,,9207,203376736,258455951
33513,5,11499,05-01-2024 17:59:21,,30639,502632582,696677997
34520,5,31598,06-01-2024 00:43:15,,6405,183906348,214109395
32810,5,5624,05-01-2024 12:56:46,,48794,4433712834,5758711950
33818,5,8336,05-01-2024 20:00:00,,23400,856052223,1104739315
33674,5,45202,05-01-2024 19:09:09,,26451,361784256,496350086
32976,5,6574,05-01-2024 14:09:38,,44422,2104483020,2971774981
33923,5,88961,05-01-2024 20:43:41,,20779,1113762525,1256331256
31961,5,30549,05-01-2024 06:55:01,,70499,1159475001,1561287750
33138,5,90515,05-01-2024 15:10:47,,40753,647819770,762052835
34666,5,83816,06-01-2024 01:59:30,,1830,135503177,177722474
34046,5,16694,05-01-2024 21:34:04,,17756,914396411,1289149426
33767,5,80254,05-01-2024 19:45:49,,24251,356297080,528297795
34114,5,75899,05-01-2024 22:00:31,,16169,5973477174,12442168369
34702,5,20486,06-01-2024 02:10:50,,1150,51863694,62943870
34141,5,35700,05-01-2024 22:16:38,,15202,740260920,981183343
34142,5,5467,05-01-2024 22:19:29,,15031,22186676,31984402
32977,5,81652,05-01-2024 14:09:27,,44433,993848276,1311287718
34537,5,22135,06-01-2024 00:53:23,,5797,64149521,87813614
34521,5,98349,06-01-2024 00:49:50,,6010,23994601,32268058
34667,5,52541,06-01-2024 01:55:23,,2077,89865319,92315587
33164,5,6693,05-01-2024 15:25:17,,39883,668007282,736170531
32694,5,49429,05-01-2024 12:00:27,,52173,503195694,519313052
34092,5,5830,05-01-2024 21:58:52,,16268,623881883,798671300
32888,5,23238,05-01-2024 13:27:52,,46928,3249321033,4796069365
34538,5,46562,06-01-2024 00:58:41,,5479,200709682,218680208
33238,5,17343,05-01-2024 15:57:05,,37975,2075031511,2557098043
33352,5,57670,05-01-2024 16:43:00,,35220,766696349,1070710631
33008,5,50320,05-01-2024 14:11:37,,44303,11511255,15724036
34020,5,54106,05-01-2024 21:29:20,,18040,618810809,770937715
34539,5,31889,06-01-2024 00:58:09,,5511,203329088,276139472
34339,5,55088,05-01-2024 23:38:24,,10296,627145189,777652683
34553,5,77417,06-01-2024 01:06:53,,4987,218224118,290895435
33185,5,76671,05-01-2024 15:32:31,,39449,12251154517,26093288153
34703,5,29007,06-01-2024 02:17:14,,766,269467667,776578545
33331,5,96001,05-01-2024 16:35:44,,35656,380519221,396294593
34262,5,5133,05-01-2024 23:01:45,,12495,366858422,544624895
34554,5,71754,06-01-2024 01:05:19,,5081,123532643,157885404
33845,5,32511,05-01-2024 20:13:22,,22598,769907870,1068256274
34232,5,82611,05-01-2024 22:56:50,,12790,53436406,56784723
33846,5,78118,05-01-2024 20:19:44,,22216,1349629647,1588890746
33793,5,40663,05-01-2024 19:50:37,,23963,7140915321,13740698190
34616,5,53405,06-01-2024 01:36:30,,3210,73996479,97927385
33514,5,63709,05-01-2024 17:58:21,,30699,508285446,639761942
32671,5,55665,05-01-2024 11:55:10,,52490,2158071907,2560846179
33239,5,27901,05-01-2024 15:59:34,,37826,1112032796,1235676120
34468,5,52412,06-01-2024 00:20:19,,7781,146439078,196637299
33288,5,8359,05-01-2024 16:13:39,,36981,1159386873,1172162716
32865,5,53144,05-01-2024 13:16:23,,47617,2741531148,3695206467
34187,5,74201,05-01-2024 22:37:00,,13980,2663307845,6700939062
33998,5,97522,05-01-2024 21:13:01,,19019,5147710495,14365835644
33332,5,7877,05-01-2024 16:35:31,,35669,12234185189,36380588338
34617,5,63991,06-01-2024 01:35:26,,3274,48635130,68502984
34681,5,23223,06-01-2024 02:02:55,,1625,54134083,62946181
34668,5,58837,06-01-2024 01:52:39,,2241,144579600,210125466
33049,5,46435,05-01-2024 14:38:12,,42708,5112849248,14472681703
34047,5,12874,05-01-2024 21:39:06,,17454,354930392,431801182
32889,5,22140,05-01-2024 13:25:15,,47085,719870032,720534635
34233,5,98805,05-01-2024 22:53:01,,13019,241421514,309641320
34372,5,99079,05-01-2024 23:46:16,,9824,300103064,389101216
33538,5,71491,05-01-2024 18:08:07,06-01-2024 02:23:28,29721,265289984,392089016
34682,5,94142,06-01-2024 02:00:20,,1780,630023913,1798791228
34469,5,79791,06-01-2024 00:20:20,,7780,21401880,24167192
34305,5,65226,05-01-2024 23:22:19,,11261,6612456412,13488503713
34340,5,12553,05-01-2024 23:33:09,,10611,702839078,885224575
34234,5,49967,05-01-2024 22:50:42,,13158,153691915,191664439
33187,5,53732,05-01-2024 15:35:28,,39272,923221174,966779635
33924,5,85083,05-01-2024 20:43:37,,20783,250865783,254035267
33468,5,14329,05-01-2024 17:33:41,,32179,1803658092,1876240875
34618,5,93104,06-01-2024 01:37:03,,3177,38490597,55682048
34704,5,99033,06-01-2024 02:16:51,,789,17063498,20686600
33750,5,89655,05-01-2024 19:32:03,,25077,314551363,448335495
34642,5,45880,06-01-2024 01:42:39,,2841,255967641,317476262
32950,5,93045,05-01-2024 13:56:07,,45233,273375648,345189295
33140,5,93459,05-01-2024 15:11:02,,40738,353946897,399452130
33903,5,60217,05-01-2024 20:36:45,,21195,5664487084,13817339987
34705,5,97186,06-01-2024 02:13:33,,987,3520134,4765166
33566,5,48940,05-01-2024 18:19:28,,29432,924915808,1254586271
33925,5,78171,05-01-2024 20:40:09,,20991,6679018865,15494633107
33611,5,86401,05-01-2024 18:31:55,,28685,745459242,847817932
34306,5,61246,05-01-2024 23:28:58,,10862,414103954,582782831
32502,5,19884,05-01-2024 10:44:45,,56715,19302310718,44904947024
34497,5,4692,06-01-2024 00:34:26,,6934,81846508,122504710
33567,5,93425,05-01-2024 18:18:09,,29511,2405997626,2685641691
32709,5,23171,05-01-2024 12:11:12,,51528,96007603,107731789
33819,5,12415,05-01-2024 20:03:52,,23168,298832058,335738556
34307,5,26588,05-01-2024 23:25:52,,11048,972690995,737460583
33999,5,23433,05-01-2024 21:18:51,,18669,271640649,277800684
34403,5,40409,05-01-2024 23:50:25,,9575,117910403,158155203
34447,5,60755,06-01-2024 00:19:11,,7849,8039849,10081406
32525,5,60952,05-01-2024 10:51:48,,56292,852606414,893180029
32288,5,63263,05-01-2024 09:17:48,,61932,1931428503,2211756035
34424,5,75921,06-01-2024 00:07:05,,8575,99975556,131163351
34448,5,85679,06-01-2024 00:16:42,,7998,323235684,336776283
33703,5,18194,05-01-2024 19:18:13,,25907,197340940,201065517
33259,5,44213,05-01-2024 16:09:29,06-01-2024 02:23:04,36815,897925677,1022265831
34733,5,44213,06-01-2024 02:24:13,,347,4391577,5358495
32890,5,80011,05-01-2024 13:27:28,06-01-2024 02:29:15,46907,47269280,62207296
33926,5,42983,05-01-2024 20:49:58,,20402,1386992061,1818360231
34555,5,87375,06-01-2024 01:01:15,,5325,101556352,130813398
34404,5,32127,05-01-2024 23:56:14,,9226,616445138,708164703
33353,5,51883,05-01-2024 16:49:04,,34856,15779207359,30825822335
32194,5,3999,05-01-2024 08:39:26,,64234,690343081,765129111
32842,5,29099,05-01-2024 13:03:03,,48417,119009419,150420511
33880,5,74761,05-01-2024 20:21:09,,22131,1554211379,1866240720
32892,5,55462,05-01-2024 13:29:02,,46858,576605376,680259673
34470,5,37426,06-01-2024 00:26:49,,7391,27027813,39032567
33881,5,76712,05-01-2024 20:20:33,,22167,4914254258,11039540032
34449,5,99628,06-01-2024 00:11:24,,8316,247097807,294649348
34540,5,40796,06-01-2024 00:51:20,,5920,139112358,188513181
34163,5,34384,05-01-2024 22:27:31,,14549,587021808,686244061
33486,5,30875,05-01-2024 17:48:09,,31311,307122788,326937240
34734,5,50779,06-01-2024 02:21:52,,488,39436104,92330735
34405,5,95773,05-01-2024 23:53:02,,9418,75672696,76307812
33051,5,23798,05-01-2024 14:30:01,,43199,194946301,265137730
34592,5,33361,06-01-2024 01:29:16,,3644,164931211,228351716
34406,5,37093,05-01-2024 23:50:46,,9554,71722693,74780141
34706,5,63268,06-01-2024 02:19:57,,603,18389548,21363294
33882,5,25859,05-01-2024 20:24:32,,21928,79724243,99829911
32138,5,26539,05-01-2024 08:17:07,,65573,486695584,669355610
32978,5,37124,05-01-2024 14:01:56,,44884,1339595253,1482318445
34235,5,72303,05-01-2024 22:56:01,,12839,542388182,671579886
34021,5,84631,05-01-2024 21:29:57,,18003,542300618,681776740
33927,5,12069,05-01-2024 20:42:28,,20852,247577774,284317541
33334,5,66383,05-01-2024 16:39:31,,35429,1980634855,2469045301
34556,5,76565,06-01-2024 01:06:02,,5038,72813445,109011867
33290,5,5665,05-01-2024 16:10:28,,37172,1172793878,1572374848
34236,5,77868,05-01-2024 22:58:32,,12688,200829941,296855321
33291,5,82831,05-01-2024 16:12:03,,37077,8604455499,23593176255
33704,5,93668,05-01-2024 19:12:46,,26234,941892169,1204519213
33647,5,56364,05-01-2024 18:57:49,,27131,430855023,562797903
32449,5,16768,05-01-2024 10:26:46,,57794,3016316244,3081272304
32781,5,8803,05-01-2024 12:48:23,,49297,629462331,800151417
32893,5,84818,05-01-2024 13:27:02,,46978,179611454,260680334
33540,5,59288,05-01-2024 18:01:38,,30502,1531579855,2084760370
34522,5,68241,06-01-2024 00:42:09,,6471,71206772,101250180
33960,5,20882,05-01-2024 20:52:29,,20251,498946769,723932732
33541,5,24138,05-01-2024 18:06:20,,30220,875044957,915348050
32725,5,30532,05-01-2024 12:27:14,,50566,16438899008,34973963801
33796,5,12651,05-01-2024 19:57:18,,23562,190453186,242806255
33095,5,58482,05-01-2024 14:50:05,,41995,1214360971,1238093148
33116,5,85231,05-01-2024 15:03:42,,41178,177820685,183199859
34115,5,65868,05-01-2024 22:07:57,,15723,407749541,488995618
34164,5,36101,05-01-2024 22:24:32,,14728,159198072,190938816
33648,5,46864,05-01-2024 18:59:09,,27051,5412517369,10992523925
34373,5,9763,05-01-2024 23:42:59,,10021,6361006,7277861
32528,5,96628,05-01-2024 10:58:29,,55891,1623033487,1823959276
32220,5,38348,05-01-2024 08:47:10,,63770,2542258810,2764293830
33847,5,12461,05-01-2024 20:14:36,,22524,92236274,110655495
33335,5,9539,05-01-2024 16:35:58,,35642,11219643250,21785059775
33625,5,18012,05-01-2024 18:48:33,,27687,690143303,922275119
34210,5,60742,05-01-2024 22:42:05,,13675,465692735,475667251
33190,5,17727,05-01-2024 15:34:34,,39326,1232765336,1535970967
34576,5,33760,06-01-2024 01:16:06,,4434,175099815,197324755
34735,5,72842,06-01-2024 02:20:15,,585,7200016,10423976
34000,5,31362,05-01-2024 21:18:35,,18685,257396378,266144012
32290,5,23471,05-01-2024 09:19:09,,61851,1507778509,1770775815
32757,5,77288,05-01-2024 12:30:29,,50371,2415655216,3351068384
34643,5,41583,06-01-2024 01:43:36,,2784,215058845,271465751
33928,5,10074,05-01-2024 20:40:18,,20982,701345738,708661778
34341,5,62933,05-01-2024 23:32:59,,10621,171082634,206866884
33705,5,63379,05-01-2024 19:19:41,,25819,548220333,552140430
34342,5,83046,05-01-2024 23:35:10,,10490,375076514,474666395
33516,5,86434,05-01-2024 17:55:06,,30894,1193507856,1371366016
34407,5,77193,05-01-2024 23:50:12,,9588,285831750,346385697
34683,5,37369,06-01-2024 02:04:29,,1531,59405020,76676174
33310,5,32610,05-01-2024 16:24:38,,36322,15138139254,30391440877
33438,5,30907,05-01-2024 17:29:57,,32403,41161812,55476372
33336,5,45498,05-01-2024 16:31:01,,35939,14020148700,32060484574
32866,5,49252,05-01-2024 13:10:17,,47983,871082177,1042066414
33980,5,71593,05-01-2024 21:05:25,,19475,587146059,678797549
33798,5,95198,05-01-2024 19:54:46,,23714,488675124,515359653
34374,5,47811,05-01-2024 23:40:11,,10189,74149628,79790913
33261,5,61807,05-01-2024 16:04:14,,37546,2001945678,2016438626
33649,5,80214,05-01-2024 18:57:20,,27160,695829260,728106039
33721,5,86690,05-01-2024 19:22:35,,25645,83097544,101252199
34593,5,98925,06-01-2024 01:25:12,,3888,71223300,91161227
34165,5,31073,05-01-2024 22:22:27,,14853,2445656495,5391281905
32473,5,13690,05-01-2024 10:33:50,,57370,1462437752,1916629368
34093,5,71152,05-01-2024 21:59:45,,16215,2715168593,5408384625
32622,5,92263,05-01-2024 11:35:57,,53643,3397272020,4090733727
34308,5,43810,05-01-2024 23:29:11,,10849,110076060,116558367
34067,5,59694,05-01-2024 21:48:52,,16868,2705598806,6854593603
