IdSession,IdPSX,IdSubscriber,StartSession,EndSession,Duartion,UpTx,DownTx
18603,3,90499,03-01-2024 14:28:28,,692,3737753,5275501
18455,3,91474,03-01-2024 13:34:31,03-01-2024 14:37:47,3796,59649200,75203979
18354,3,44636,03-01-2024 12:52:26,,6454,108566565,125018654
16796,3,96502,03-01-2024 03:47:19,,39161,1068594805,1361256101
17920,3,23617,03-01-2024 10:14:05,,15955,614187437,746076687
18038,3,70857,03-01-2024 10:57:11,,13369,707419246,1023581770
17473,3,21424,03-01-2024 07:35:52,,25448,2306829907,6097897032
16891,3,92864,03-01-2024 04:18:08,,37312,1060321937,1200037250
16397,3,25074,03-01-2024 01:19:51,,48009,1213933554,1520816628
18010,3,37706,03-01-2024 10:43:43,,14177,507622619,526013109
17921,3,86126,03-01-2024 10:15:55,,15845,161546611,188009906
15547,3,78929,02-01-2024 19:56:24,,67416,3166618474,4183290760
17058,3,55202,03-01-2024 05:11:40,,34100,16983699611,41315761097
18571,3,99781,03-01-2024 14:10:45,,1755,44264210,59567364
18011,3,33796,03-01-2024 10:46:10,,14030,172362146,206979563
16476,3,92426,03-01-2024 01:49:30,,46230,14792663700,41426830826
18326,3,87928,03-01-2024 12:43:30,,6990,265354352,302560880
17436,3,7476,03-01-2024 07:26:17,,26023,158391067,185295230
17922,3,54163,03-01-2024 10:19:15,,15645,241636222,288326941
17377,3,36715,03-01-2024 07:04:20,,27340,94076202,132862516
16530,3,85698,03-01-2024 02:07:23,,45157,559726989,663803870
18480,3,26061,03-01-2024 13:40:29,,3571,111017591,141627222
17805,3,27006,03-01-2024 09:36:43,,18197,445316116,589447178
17734,3,84226,03-01-2024 09:08:30,,19890,419477163,500351343
18058,3,51091,03-01-2024 11:03:47,,12973,138577898,139096959
15759,3,20286,02-01-2024 21:18:21,,62499,354967482,483495994
18168,3,86431,03-01-2024 11:45:46,,10454,701934325,948674696
17768,3,57674,03-01-2024 09:16:40,,19400,313820155,389314733
18224,3,31720,03-01-2024 12:04:01,,9359,68935443,102407564
17093,3,86874,03-01-2024 05:23:21,,33399,292695297,420598507
18225,3,66922,03-01-2024 12:08:26,,9094,87234514,122879605
16249,3,60698,03-01-2024 00:10:44,,52156,1399775292,1704838308
18502,3,33023,03-01-2024 13:52:24,,2856,220158500,290626287
16798,3,43457,03-01-2024 03:46:36,03-01-2024 14:31:37,38701,3186117765,3992164423
18634,3,43457,03-01-2024 14:32:35,,445,6120643,6131905
16858,3,39478,03-01-2024 04:01:50,,38290,1954502270,2366227301
18252,3,41409,03-01-2024 12:14:23,,8737,30699173,31755604
18135,3,22161,03-01-2024 11:37:45,,10935,531738615,532248864
18327,3,57238,03-01-2024 12:44:06,,6954,352193198,357695500
16207,3,24841,03-01-2024 00:02:34,,52646,17778970782,34879990312
18294,3,42613,03-01-2024 12:31:25,,7715,29342406,35050012
18431,3,80624,03-01-2024 13:21:57,,4683,215056971,218648946
17736,3,84419,03-01-2024 09:08:27,,19893,169754235,231182018
17708,3,73705,03-01-2024 08:57:20,,20560,542880452,564042585
17238,3,80274,03-01-2024 06:15:13,,30287,830159639,1141705300
18059,3,34500,03-01-2024 11:00:46,,13154,3014985053,6829933347
18328,3,7705,03-01-2024 12:42:38,,7042,237196103,252334801
18136,3,86322,03-01-2024 11:33:03,,11217,107257033,109736478
18295,3,41981,03-01-2024 12:31:20,,7720,30530173,40915647
18169,3,20143,03-01-2024 11:43:14,,10606,2488584641,6332891265
18296,3,22609,03-01-2024 12:31:14,,7726,78033272,102035717
18404,3,62954,03-01-2024 13:14:34,,5126,142376259,173873802
17806,3,27197,03-01-2024 09:30:57,,18543,57255504,57705344
16947,3,48686,03-01-2024 04:36:09,,36231,1215046715,1502537090
17131,3,80006,03-01-2024 05:35:39,,32661,372466995,521246787
17709,3,10521,03-01-2024 08:53:57,,20763,2847923007,3770003331
17094,3,79558,03-01-2024 05:22:11,,33469,2054916392,2396780913
18170,3,33437,03-01-2024 11:46:49,,10391,98156112,113771532
18106,3,84791,03-01-2024 11:22:55,,11825,635412009,800980800
16531,3,91141,03-01-2024 02:02:40,,45440,884866339,893299555
16085,3,45096,02-01-2024 23:24:39,,54921,1722794085,1761647724
17988,3,94943,03-01-2024 10:30:25,,14975,234912422,281113292
17891,3,3864,03-01-2024 10:05:05,,16495,230908688,272859992
16505,3,16883,03-01-2024 01:54:13,,45947,459517837,603806097
17807,3,71338,03-01-2024 09:32:53,,18427,185133661,199594351
17603,3,91819,03-01-2024 08:25:41,,22459,24635344,24739034
17710,3,48513,03-01-2024 08:53:44,,20776,2260323537,2794047511
16892,3,51967,03-01-2024 04:17:49,,37331,2668735262,3924485692
17604,3,55737,03-01-2024 08:23:20,,22600,2237752655,2843141011
17340,3,40230,03-01-2024 06:52:09,,28071,1393825363,1494833518
17711,3,39672,03-01-2024 08:53:17,,20803,1261534071,1351164162
17206,3,82698,03-01-2024 06:07:28,,30752,769665547,798052786
18226,3,88836,03-01-2024 12:03:54,,9366,1856000878,3839717907
18171,3,12033,03-01-2024 11:44:53,,10507,3134204307,6125564878
17769,3,38231,03-01-2024 09:14:54,,19506,1915808270,2496319600
16178,3,34428,02-01-2024 23:57:46,,52934,2497987227,3170966383
17153,3,11256,03-01-2024 05:41:10,,32330,1734600443,1934806635
17791,3,47065,03-01-2024 09:28:58,,18662,9715989693,24189114321
16996,3,20506,03-01-2024 04:52:20,,35260,618162418,750637523
18276,3,30018,03-01-2024 12:25:31,,8069,37589063,43428497
16675,3,67837,03-01-2024 02:52:05,,42475,673030043,821086542
17808,3,69363,03-01-2024 09:33:21,,18399,74833308,77141705
17674,3,59246,03-01-2024 08:44:15,,21345,4658389317,12560384232
17571,3,62642,03-01-2024 08:17:26,,22954,438432678,614371689
18200,3,38597,03-01-2024 11:51:36,,10104,17075314,22452256
16179,3,80923,02-01-2024 23:57:12,,52968,136771855,171880399
17269,3,93820,03-01-2024 06:23:39,,29781,5557930350,14441852870
17989,3,65922,03-01-2024 10:37:37,,14543,267372780,325631407
18297,3,80422,03-01-2024 12:32:28,,7652,1821191955,4464887024
17892,3,85930,03-01-2024 10:00:15,,16785,71936350,83217257
18503,3,49459,03-01-2024 13:57:20,,2560,52372016,66231967
18572,3,25168,03-01-2024 14:18:58,,1262,42608769,58582670
17522,3,19399,03-01-2024 07:55:09,,24291,292413906,392732933
18298,3,55559,03-01-2024 12:36:17,,7423,100391031,100441722
16697,3,48684,03-01-2024 03:05:36,,41664,1494538079,1569036233
16086,3,17027,02-01-2024 23:23:33,,54987,15216874639,41971595041
17893,3,30017,03-01-2024 10:00:58,,16742,173756307,183761706
16399,3,20790,03-01-2024 01:10:23,,48577,951387164,952679788
18481,3,73675,03-01-2024 13:48:55,,3065,60344249,80229476
17605,3,43415,03-01-2024 08:27:00,,22380,1160051550,1228873936
17239,3,89191,03-01-2024 06:14:09,,30351,608401622,877365277
18137,3,89802,03-01-2024 11:34:02,,11158,1843681612,4595294029
17840,3,58659,03-01-2024 09:42:04,,17876,430127098,450548331
17841,3,93849,03-01-2024 09:42:09,,17871,81980046,100032189
18085,3,89219,03-01-2024 11:19:09,,12051,47821713,60459462
18604,3,72095,03-01-2024 14:25:23,,877,46465259,64856265
15884,3,58101,02-01-2024 22:06:22,,59618,13763331764,30219080433
16279,3,82625,03-01-2024 00:21:26,,51514,3216356916,3556853420
17438,3,87024,03-01-2024 07:21:49,,26291,3726948285,9599041542
17606,3,50519,03-01-2024 08:27:15,,22365,545384569,574177759
16116,3,59002,02-01-2024 23:31:02,,54538,810082093,1118044986
18405,3,20615,03-01-2024 13:18:16,,4904,141760985,147658093
17476,3,62614,03-01-2024 07:36:02,,25438,7803345824,20261091433
18202,3,64608,03-01-2024 11:57:05,,9775,72561850,93619203
17859,3,60506,03-01-2024 09:56:37,,17003,58065699,70556307
18376,3,45524,03-01-2024 13:09:47,,5413,3641387050,6932118109
16058,3,92680,02-01-2024 23:19:52,,55208,2504756111,3476437338
17096,3,62651,03-01-2024 05:22:17,,33463,92813747,101881092
18253,3,92231,03-01-2024 12:10:20,,8980,438818039,656529679
15838,3,42922,02-01-2024 21:42:15,,61065,1007941700,1372972644
15430,3,99582,02-01-2024 19:18:21,,69699,651012735,684211435
16253,3,92702,03-01-2024 00:18:46,,51674,1483310270,1655774601
18504,3,78863,03-01-2024 13:58:06,,2514,360991868,368999962
18573,3,10632,03-01-2024 14:14:56,,1504,110875095,161271432
16059,3,95864,02-01-2024 23:19:41,,55219,2112473075,2246793806
15865,3,59237,02-01-2024 21:53:07,,60413,1068033830,1589239032
17061,3,4245,03-01-2024 05:12:08,,34072,161769350,227906121
17132,3,48501,03-01-2024 05:34:14,,32746,1003029847,1036272040
17026,3,33213,03-01-2024 05:09:26,,34234,601879516,605489692
17607,3,84253,03-01-2024 08:25:06,,22494,518215430,698317184
17270,3,34502,03-01-2024 06:29:20,,29440,893358747,1155593979
18432,3,37551,03-01-2024 13:26:16,,4424,240630114,321130980
18329,3,25167,03-01-2024 12:41:08,,7132,94224405,114051889
17497,3,88749,03-01-2024 07:43:27,,24993,214390888,287633197
18505,3,73150,03-01-2024 13:55:40,,2660,1030198106,1950997385
16698,3,97354,03-01-2024 03:04:54,,41706,638995484,834934983
18138,3,51105,03-01-2024 11:30:39,,11361,529298293,711734343
17207,3,84200,03-01-2024 06:05:59,,30841,860233452,1055184554
17792,3,54827,03-01-2024 09:21:57,,19083,238408050,323070322
17379,3,98333,03-01-2024 07:05:08,,27292,7755309350,16611515914
17638,3,23190,03-01-2024 08:38:00,,21720,8056921851,19204578655
16280,3,69276,03-01-2024 00:22:34,,51446,1568268503,2128822740
18086,3,65815,03-01-2024 11:12:53,,12427,905936297,1046309181
17380,3,49004,03-01-2024 07:08:23,,27097,1239563451,1495815638
17860,3,51799,03-01-2024 09:54:27,,17133,246524886,353684281
16826,3,57596,03-01-2024 03:59:44,,38416,2037043071,2463222237
16181,3,80830,02-01-2024 23:52:17,,53263,11461187786,6614087444
16254,3,40746,03-01-2024 00:12:52,,52028,673187240,740495489
17241,3,70369,03-01-2024 06:16:37,,30203,2936991815,2991401667
18355,3,40238,03-01-2024 12:57:46,,6134,87712377,129049428
18433,3,47403,03-01-2024 13:20:18,,4782,1095348560,2409357992
16209,3,95368,03-01-2024 00:03:12,,52608,792776152,1108971667
17439,3,56044,03-01-2024 07:28:14,,25906,6853161179,14988397502
17608,3,39498,03-01-2024 08:23:38,,22582,516112813,678448302
18377,3,39424,03-01-2024 13:02:46,,5834,208970855,268691224
16894,3,50191,03-01-2024 04:13:59,,37561,8032951936,16476416278
15907,3,48055,02-01-2024 22:10:12,,59388,2498586122,2877227344
17298,3,99404,03-01-2024 06:38:26,,28894,1081036138,1327149521
16895,3,97622,03-01-2024 04:11:31,,37709,1715388111,1941604126
16478,3,22530,03-01-2024 01:46:08,,46432,10810850152,7719952443
18378,3,96070,03-01-2024 13:05:46,,5654,42901876,58127203
17208,3,58813,03-01-2024 06:02:49,,31031,1125793713,1250782708
17545,3,19319,03-01-2024 08:01:11,,23929,590268812,760320555
16860,3,81705,03-01-2024 04:08:26,,37894,1172433430,1234440723
18277,3,62327,03-01-2024 12:27:25,,7955,1279067517,2391141802
18227,3,52845,03-01-2024 12:07:02,,9178,9780481,10966639
18108,3,46735,03-01-2024 11:25:14,,11686,371547319,550060170
15679,3,8230,02-01-2024 20:46:37,03-01-2024 14:37:20,64243,3327966536,4816253142
17675,3,55943,03-01-2024 08:42:54,,21426,1360606071,1482765209
17793,3,76594,03-01-2024 09:24:02,,18958,105630222,135821202
16182,3,32719,02-01-2024 23:51:22,,53318,452822449,523170448
18254,3,20449,03-01-2024 12:10:52,,8948,29707655,33977559
17861,3,19660,03-01-2024 09:50:49,,17351,1846936716,3904414920
17572,3,5028,03-01-2024 08:10:07,,23393,5390711814,12882683344
16861,3,64798,03-01-2024 04:07:55,,37925,1337856587,1727148253
17320,3,60483,03-01-2024 06:40:01,,28799,306161336,350680326
16676,3,32233,03-01-2024 02:54:36,,42324,15410121198,29006170470
18330,3,84506,03-01-2024 12:43:08,03-01-2024 14:34:17,6669,26515246,30287443
17842,3,45390,03-01-2024 09:46:25,,17615,840736002,1146437638
18109,3,13251,03-01-2024 11:24:23,,11737,12318915398,8312133578
18172,3,55123,03-01-2024 11:48:21,,10299,2139610578,5788417504
16306,3,69771,03-01-2024 00:33:30,,50790,426500628,439744993
17954,3,4061,03-01-2024 10:27:18,,15162,250415463,290642965
17381,3,9524,03-01-2024 07:08:32,,27088,248486487,248869628
18456,3,29283,03-01-2024 13:37:56,,3724,10795763,14979373
17794,3,24835,03-01-2024 09:25:42,,18858,347252662,420508963
17991,3,73434,03-01-2024 10:33:23,,14797,271168626,339708700
17640,3,90781,03-01-2024 08:33:58,,21962,362019612,404678651
16376,3,70453,03-01-2024 01:01:58,,49082,152544607,215103991
16799,3,23838,03-01-2024 03:46:47,,39193,12347669422,28935740908
18299,3,74552,03-01-2024 12:36:11,,7429,153286309,157758964
16896,3,84941,03-01-2024 04:11:03,,37737,510170704,536723623
16401,3,60887,03-01-2024 01:11:54,,48486,1420982381,1814784789
16998,3,38377,03-01-2024 04:51:54,,35286,873984780,1004553728
17955,3,97298,03-01-2024 10:21:14,,15526,256015574,358931908
17894,3,33336,03-01-2024 10:03:02,,16618,282063008,305790435
18012,3,29451,03-01-2024 10:40:35,,14365,94227150,125350990
16862,3,88697,03-01-2024 04:02:18,,38262,2973632693,3498899960
18635,3,70258,03-01-2024 14:34:22,,338,4230907,4494096
16863,3,69091,03-01-2024 04:02:25,,38255,365116854,525030233
16800,3,43956,03-01-2024 03:40:44,,39556,1903042090,1941140901
16974,3,49278,03-01-2024 04:40:33,,35967,702549983,983646269
17862,3,40542,03-01-2024 09:55:32,,17068,798331296,816803365
18013,3,18060,03-01-2024 10:43:44,,14176,158099627,227820860
18636,3,81000,03-01-2024 14:30:16,,584,2908914,3573313
17413,3,69907,03-01-2024 07:16:56,,26584,315097625,427901294
17272,3,10595,03-01-2024 06:21:33,,29907,90704050,128810693
16699,3,38406,03-01-2024 03:04:55,,41705,1899016076,1931326767
16087,3,61324,02-01-2024 23:27:26,,54754,789056220,1106420322
17895,3,58949,03-01-2024 10:04:06,,16554,121230774,145645159
18482,3,57855,03-01-2024 13:40:25,,3575,140640637,152777497
16776,3,39865,03-01-2024 03:33:20,,40000,3536851381,4392294213
18506,3,71316,03-01-2024 13:51:53,,2887,48069808,71645221
16327,3,18058,03-01-2024 00:44:09,,50151,542822128,653469886
18434,3,11218,03-01-2024 13:27:59,,4321,84464526,87584820
16281,3,76441,03-01-2024 00:29:17,,51043,11869214991,29681922653
18014,3,51953,03-01-2024 10:48:58,,13862,1241781824,1427877479
17992,3,94351,03-01-2024 10:34:13,,14747,495110904,571822024
16620,3,74963,03-01-2024 02:31:52,,43688,182947103,245871274
18110,3,90000,03-01-2024 11:25:07,,11693,850875316,866041284
17029,3,83036,03-01-2024 05:06:46,,34394,1482097209,1892967743
16999,3,71532,03-01-2024 04:54:34,,35126,628969321,840159218
17712,3,51603,03-01-2024 08:56:20,,20620,366124793,383002827
17641,3,90871,03-01-2024 08:34:33,,21927,1453489301,1725013561
18435,3,84856,03-01-2024 13:26:01,,4439,112767921,132479378
16591,3,83397,03-01-2024 02:29:59,,43801,329627835,402548033
16183,3,58431,02-01-2024 23:53:20,,53200,1205711947,1497496884
17523,3,42332,03-01-2024 07:55:54,,24246,1153708465,1276302420
18015,3,29798,03-01-2024 10:45:54,,14046,464615795,680057612
16975,3,17956,03-01-2024 04:44:35,,35725,468213335,693054463
16865,3,50215,03-01-2024 04:04:50,,38110,3023135236,3208396051
17770,3,37210,03-01-2024 09:19:52,,19208,46229695,47569977
17956,3,61094,03-01-2024 10:24:17,,15343,400093685,472981183
15841,3,40538,02-01-2024 21:41:19,,61121,1392756927,2000752710
17321,3,58073,03-01-2024 06:49:25,,28235,301163499,364495731
16008,3,26797,02-01-2024 22:54:26,,56734,906634520,1196079021
18406,3,97912,03-01-2024 13:16:46,,4994,425254048,515632525
17795,3,93106,03-01-2024 09:29:24,,18636,226574860,230458340
18507,3,63830,03-01-2024 13:50:53,,2947,114943014,136808670
17810,3,85009,03-01-2024 09:37:07,,18173,71021577,78722406
16898,3,34570,03-01-2024 04:18:22,,37298,463215922,687065157
18436,3,85452,03-01-2024 13:22:36,,4644,55469376,79687523
17183,3,68624,03-01-2024 05:52:13,,31667,270119358,291980070
16563,3,13338,03-01-2024 02:12:02,,44878,177586728,209369435
17133,3,95131,03-01-2024 05:30:36,,32964,358628823,456341239
18300,3,74005,03-01-2024 12:34:49,,7511,33934147,47067540
16753,3,69795,03-01-2024 03:25:07,,40493,136337137,159396548
18483,3,80586,03-01-2024 13:41:48,,3492,28238901,30217311
16899,3,13385,03-01-2024 04:12:59,,37621,1528099401,1779078619
17863,3,40563,03-01-2024 09:59:14,,16846,33740481,49305323
18484,3,24284,03-01-2024 13:49:19,,3041,7687402,11366313
16211,3,75346,03-01-2024 00:07:10,,52370,842608485,1261758631
18437,3,97371,03-01-2024 13:27:59,,4321,1339095970,3656956456
18331,3,35622,03-01-2024 12:45:24,,6876,108309867,135462862
17273,3,56035,03-01-2024 06:26:29,,29611,73043441,80002047
17642,3,98088,03-01-2024 08:37:54,,21726,970692658,1280804780
17478,3,23713,03-01-2024 07:37:50,,25330,1061917628,1082059438
15886,3,37643,02-01-2024 22:01:39,,59901,4451040641,11201519596
17896,3,86291,03-01-2024 10:07:04,,16376,324804822,361825324
17242,3,16384,03-01-2024 06:17:50,,30130,2000907290,2129247020
17300,3,41937,03-01-2024 06:39:14,,28846,1685631897,2264298260
17771,3,55527,03-01-2024 09:10:43,,19757,1283850911,1631480390
18332,3,74736,03-01-2024 12:44:56,,6904,203945407,256414868
18485,3,87941,03-01-2024 13:45:58,,3242,132088409,195355564
18088,3,80078,03-01-2024 11:17:54,,12126,414628849,443067655
18204,3,80180,03-01-2024 11:50:47,,10153,280443403,343430844
17574,3,12788,03-01-2024 08:11:25,,23315,1007530334,1048632024
16328,3,74585,03-01-2024 00:49:04,,49856,3690511053,4620754211
16925,3,15198,03-01-2024 04:21:22,,37118,1722407700,1888860216
17993,3,48303,03-01-2024 10:32:05,,14875,14959363909,12027575653
17575,3,72180,03-01-2024 08:11:19,,23321,7497289287,14868825633
16777,3,22006,03-01-2024 03:34:59,,39901,2259258320,3367965905
16186,3,71158,02-01-2024 23:58:00,,52920,1685539602,2150785036
18089,3,89962,03-01-2024 11:18:18,,12102,364010091,450349697
18016,3,93525,03-01-2024 10:41:27,,14313,35230549,35676526
18256,3,98830,03-01-2024 12:19:09,,8451,412288046,520762708
18356,3,90517,03-01-2024 12:51:34,,6506,134278611,174870475
18228,3,49343,03-01-2024 12:04:53,,9307,1009891162,1057717150
18333,3,34639,03-01-2024 12:44:46,,6914,64959235,87614303
16802,3,70017,03-01-2024 03:44:41,,39319,2206337364,2851166612
17713,3,78259,03-01-2024 08:52:02,,20878,400627440,500272597
17211,3,24041,03-01-2024 06:05:00,,30900,1189144689,1431272388
18111,3,90951,03-01-2024 11:28:16,,11504,3429757214,6530899587
18438,3,97097,03-01-2024 13:28:29,,4291,170772365,206133612
17274,3,52463,03-01-2024 06:21:56,,29884,4023143697,4924303472
17772,3,88273,03-01-2024 09:15:43,,19457,299410232,304303465
17001,3,77880,03-01-2024 04:50:10,,35390,278085293,387043475
15984,3,61250,02-01-2024 22:46:58,03-01-2024 14:36:01,56943,1116730401,1341372797
16283,3,36871,03-01-2024 00:22:50,,51430,1452559130,1929021032
18301,3,79847,03-01-2024 12:33:22,,7598,35154956,38940251
17342,3,66357,03-01-2024 06:56:12,,27828,15114586642,29861468328
16679,3,85089,03-01-2024 02:59:54,,42006,2414148956,2653849267
18357,3,56761,03-01-2024 12:53:08,,6412,93398860,122861140
17524,3,15501,03-01-2024 07:54:06,,24354,462171443,665231807
17322,3,62274,03-01-2024 06:46:37,,28403,204395097,272761591
16257,3,95392,03-01-2024 00:13:48,,51972,1925485486,2595934946
16900,3,73950,03-01-2024 04:18:00,,37320,1573573940,1863881755
15732,3,58357,02-01-2024 21:09:37,,63023,614446497,879893949
17923,3,67722,03-01-2024 10:14:57,,15903,306445106,335351710
16594,3,48894,03-01-2024 02:26:15,,44025,893814118,1027342167
16621,3,59000,03-01-2024 02:39:45,,43215,1783883128,1916582872
16565,3,44874,03-01-2024 02:17:08,,44572,467425404,669418407
18229,3,29272,03-01-2024 12:07:42,,9138,94257528,111847602
16566,3,5034,03-01-2024 02:17:05,,44575,429184727,604106995
18508,3,98232,03-01-2024 13:56:20,,2620,79141911,101852039
17897,3,26408,03-01-2024 10:07:30,,16350,6213659219,13396236954
18139,3,93173,03-01-2024 11:36:45,,10995,114833928,127424908
17065,3,16621,03-01-2024 05:18:44,,33676,734512839,958062547
17957,3,58091,03-01-2024 10:20:43,,15557,23702908,27599763
18637,3,34786,03-01-2024 14:34:40,,320,67460477,167198014
18486,3,56240,03-01-2024 13:43:04,,3416,129521683,153873506
17525,3,30175,03-01-2024 07:50:49,,24551,795389302,807170180
17898,3,40490,03-01-2024 10:03:19,,16601,274576516,339666567
16654,3,93029,03-01-2024 02:46:42,,42798,8518847772,25403187085
18605,3,97951,03-01-2024 14:29:19,,641,45893955,50923214
17385,3,7099,03-01-2024 07:04:14,,27346,432776541,537154723
17958,3,68919,03-01-2024 10:25:33,,15267,228313977,289950119
16284,3,10955,03-01-2024 00:21:40,,51500,492641060,611055618
17157,3,71935,03-01-2024 05:40:57,,32343,1334895503,1808680231
18457,3,87981,03-01-2024 13:39:58,,3602,130317363,140429479
17676,3,19028,03-01-2024 08:40:45,,21555,1052037567,1119780271
17811,3,23281,03-01-2024 09:36:58,,18182,9253357,10128670
15599,3,54544,02-01-2024 20:16:16,,66224,3516492708,3939282474
18509,3,56541,03-01-2024 13:59:17,,2443,85674057,120464666
16926,3,5611,03-01-2024 04:29:46,,36614,9160145000,26991103765
16091,3,43331,02-01-2024 23:21:14,,55126,270971710,385328343
17739,3,7051,03-01-2024 09:04:49,,20111,191862631,282621970
17243,3,59815,03-01-2024 06:17:09,,30171,2154756890,2726369057
17610,3,62413,03-01-2024 08:21:33,,22707,792605004,855753130
17276,3,67375,03-01-2024 06:23:30,,29790,1970152667,2302083080
16092,3,9059,02-01-2024 23:21:53,,55087,346962941,407612647
16927,3,69749,03-01-2024 04:25:44,,36856,116078330,163262901
17677,3,27641,03-01-2024 08:49:35,,21025,2726158063,6682977868
17134,3,89924,03-01-2024 05:36:19,,32621,1159938759,1424406241
17741,3,98722,03-01-2024 09:07:54,,19926,195998635,199350628
17244,3,68478,03-01-2024 06:14:48,,30312,1881754491,2088142898
16534,3,31365,03-01-2024 02:06:42,,45198,474916717,528234082
18606,3,17119,03-01-2024 14:29:29,,631,27697870,34739872
17135,3,97854,03-01-2024 05:38:21,,32499,794498542,1163771378
18042,3,80767,03-01-2024 10:51:40,,13700,819113861,1080669353
16701,3,21658,03-01-2024 03:06:28,,41612,642389418,652902068
17441,3,13736,03-01-2024 07:22:52,,26228,361124413,481549064
16755,3,15285,03-01-2024 03:21:48,,40692,7094919909,16425394198
17098,3,8701,03-01-2024 05:21:22,,33518,490655101,525261350
16009,3,36867,02-01-2024 22:51:12,,56928,556572114,564740291
17678,3,63527,03-01-2024 08:46:13,,21227,672704791,999243904
15911,3,94371,02-01-2024 22:18:52,,58868,1316830423,1455746416
16119,3,64728,02-01-2024 23:37:54,,54126,1161915592,1455407792
15520,3,70728,02-01-2024 19:43:19,,68201,74370747,103644625
18574,3,60985,03-01-2024 14:16:46,,1394,37260566,37966386
17576,3,93903,03-01-2024 08:15:42,,23058,2536487130,7356036605
16596,3,79481,03-01-2024 02:24:58,03-01-2024 14:34:19,43761,1215838586,1287722134
18230,3,20084,03-01-2024 12:09:30,,9030,179046124,223934114
18607,3,64069,03-01-2024 14:22:56,,1024,6998360,9236434
18487,3,58347,03-01-2024 13:42:49,,3431,1083003790,2276917320
18140,3,36741,03-01-2024 11:39:24,,10836,39553089,48624961
17067,3,6191,03-01-2024 05:12:32,,34048,844895327,963134497
17679,3,34632,03-01-2024 08:42:49,,21431,898444028,1119225177
15681,3,82002,02-01-2024 20:47:25,,64355,1615272464,2298949199
16122,3,90361,02-01-2024 23:36:43,,54197,654254385,689282350
16952,3,63597,03-01-2024 04:39:30,,36030,220120806,232010183
18112,3,13643,03-01-2024 11:26:58,,11582,3243713534,8184093611
16867,3,12354,03-01-2024 04:07:04,,37976,705012587,955822116
16568,3,86555,03-01-2024 02:17:22,,44558,149300307,215183519
17644,3,21959,03-01-2024 08:34:03,,21957,318459929,344146153
17680,3,14902,03-01-2024 08:47:41,,21139,852140910,985022217
17924,3,6404,03-01-2024 10:19:42,,15618,142314659,161120822
16655,3,91261,03-01-2024 02:46:49,,42791,654099544,682099939
17386,3,40557,03-01-2024 07:05:07,03-01-2024 14:32:47,26860,505553823,655018847
18638,3,40557,03-01-2024 14:34:01,,359,2554429,2850483
18231,3,78397,03-01-2024 12:09:46,,9014,42336955,48389902
18488,3,24398,03-01-2024 13:49:33,,3027,195256819,266864323
18537,3,35832,03-01-2024 14:09:14,,1846,100503906,103860005
17343,3,33108,03-01-2024 06:56:51,,27789,601823119,720621211
17387,3,78966,03-01-2024 07:02:19,,27461,1016615893,1384946458
15577,3,52632,02-01-2024 20:02:12,,67068,1107618122,1452009054
18358,3,11857,03-01-2024 12:58:02,,6118,627054107,750730657
16656,3,46257,03-01-2024 02:42:25,,43055,1763742232,2442200361
18510,3,58903,03-01-2024 13:56:04,,2636,275431038,365962223
17925,3,5568,03-01-2024 10:14:24,,15936,4865133382,14214511809
18279,3,91183,03-01-2024 12:28:46,,7874,18319375,19016787
18639,3,80434,03-01-2024 14:36:09,,231,3556832,5121827
16829,3,72390,03-01-2024 03:59:56,,38404,2040506426,2119874886
16481,3,87286,03-01-2024 01:46:41,,46399,13374532628,35532760351
16597,3,91708,03-01-2024 02:26:24,,44016,2322738074,2926928662
18538,3,91411,03-01-2024 14:05:23,,2077,35845293,52862158
17158,3,70083,03-01-2024 05:44:21,,32139,195923478,253143639
17159,3,26331,03-01-2024 05:48:29,,31891,10728867431,21608242445
18174,3,89871,03-01-2024 11:47:55,,10325,811303502,969830977
16447,3,43079,03-01-2024 01:35:40,,47060,1916503526,2198713585
17414,3,55170,03-01-2024 07:13:52,,26768,1320163107,3874190934
16657,3,31129,03-01-2024 02:46:25,,42815,2728259592,2776338898
18141,3,24368,03-01-2024 11:37:32,,10948,699499810,994877741
18090,3,83991,03-01-2024 11:19:18,,12042,1636272379,2246228186
17577,3,88012,03-01-2024 08:10:33,,23367,380993122,446483845
17246,3,70214,03-01-2024 06:19:27,,30033,1097141486,1116967057
18608,3,30714,03-01-2024 14:21:59,,1081,25777053,26812147
15912,3,63122,02-01-2024 22:19:17,,58843,2941514929,3002066568
17442,3,15590,03-01-2024 07:23:40,,26180,1155414754,1481153343
18489,3,64646,03-01-2024 13:41:44,,3496,1164554797,2964668900
18609,3,92881,03-01-2024 14:26:58,,782,2933913,3222685
16680,3,39296,03-01-2024 02:55:06,,42294,994927631,1180925081
17866,3,80567,03-01-2024 09:59:49,,16811,221496589,286082691
17388,3,86927,03-01-2024 07:06:18,,27222,1277942056,1290646211
18359,3,90584,03-01-2024 12:59:59,,6001,126114030,187213936
18142,3,6887,03-01-2024 11:38:46,,10874,1102602809,1551885837
17247,3,15098,03-01-2024 06:18:44,,30076,772238617,782251552
17812,3,99028,03-01-2024 09:36:10,,18230,882340621,605788400
17927,3,96507,03-01-2024 10:19:04,,15656,331477990,378791113
15871,3,90054,02-01-2024 21:51:15,,60525,13411543389,27362651081
15986,3,83054,02-01-2024 22:43:47,,57373,18559310472,40497805072
18091,3,98516,03-01-2024 11:11:08,,12532,364549563,442672030
18206,3,87211,03-01-2024 11:52:54,,10026,159103006,159374891
18043,3,4212,03-01-2024 10:58:18,,13302,392605304,409989312
16216,3,22136,03-01-2024 00:05:21,,52479,510048728,531611666
18539,3,79671,03-01-2024 14:06:43,,1997,763444515,1893357771
17959,3,74593,03-01-2024 10:28:59,,15061,1407907837,1642246474
16928,3,58242,03-01-2024 04:20:49,,37151,489927230,710276435
15954,3,6731,02-01-2024 22:37:22,,57758,95256279,116464872
18540,3,5981,03-01-2024 14:00:43,,2357,29762418,41968681
17813,3,95365,03-01-2024 09:35:23,,18277,336704776,464068430
17960,3,34028,03-01-2024 10:23:52,,15368,575796666,770059633
16929,3,65004,03-01-2024 04:24:07,,36953,1434647774,1901797808
18334,3,10057,03-01-2024 12:45:40,,6860,123353901,136010252
18640,3,74796,03-01-2024 14:30:18,,582,27081783,30812986
18511,3,56405,03-01-2024 13:59:54,,2406,560213281,1336457357
18303,3,26275,03-01-2024 12:31:23,,7717,88047116,101211652
15889,3,64378,02-01-2024 22:09:10,,59450,2079858963,2344930401
16423,3,46757,03-01-2024 01:25:27,,47673,697548321,1039979357
18234,3,86544,03-01-2024 12:00:31,,9569,2904064127,5593589276
18335,3,70997,03-01-2024 12:47:50,,6730,60618636,73569289
16309,3,83393,03-01-2024 00:33:38,,50782,2210575825,2477209644
16123,3,91486,02-01-2024 23:33:33,,54387,2651414301,2965335473
17899,3,67208,03-01-2024 10:07:57,,16323,336628646,362371656
18143,3,74513,03-01-2024 11:36:30,,11010,436179146,491174889
18610,3,94314,03-01-2024 14:26:35,,805,257303215,521449086
18439,3,86081,03-01-2024 13:20:05,,4795,416941122,486007974
17814,3,31285,03-01-2024 09:31:46,,18494,45312522,58625552
17900,3,95881,03-01-2024 10:02:18,,16662,171455900,254478277
17547,3,16777,03-01-2024 08:07:15,,23565,4065236390,9312458276
16384,3,84751,03-01-2024 01:01:23,,49117,2390027493,2775216655
17681,3,78518,03-01-2024 08:43:48,,21372,568832374,636635073
17548,3,25395,03-01-2024 08:02:31,,23849,143195862,158693972
18541,3,71170,03-01-2024 14:09:40,,1820,17159026,18290989
18512,3,71029,03-01-2024 13:59:57,,2403,36154600,46270498
18490,3,28390,03-01-2024 13:46:43,,3197,144092516,177006181
18575,3,29957,03-01-2024 14:12:58,,1622,1581458,1847045
16285,3,73908,03-01-2024 00:20:45,,51555,1307614721,1458846304
15935,3,87351,02-01-2024 22:27:22,,58358,2337531775,3469273426
17928,3,39313,03-01-2024 10:12:23,,16057,602201414,853832011
17301,3,98292,03-01-2024 06:34:04,,29156,695583715,934567758
16758,3,72046,03-01-2024 03:23:09,,40611,1644470812,2213821424
18407,3,29768,03-01-2024 13:15:39,,5061,249510155,266197198
18207,3,53005,03-01-2024 11:50:12,,10188,21062975,26635803
17867,3,48887,03-01-2024 09:58:15,,16905,142754459,191868943
18208,3,66821,03-01-2024 11:55:25,,9875,99108735,143151417
17215,3,14633,03-01-2024 06:00:22,,31178,801109379,1065240491
17277,3,73571,03-01-2024 06:21:00,,29940,141368951,173361909
18175,3,22199,03-01-2024 11:42:12,,10668,1769310485,4949575381
17901,3,49215,03-01-2024 10:05:31,,16469,149169436,150787267
17929,3,73098,03-01-2024 10:19:35,,15625,301192614,311994179
17714,3,80055,03-01-2024 08:58:37,,20483,1420214116,1870648820
16150,3,61003,02-01-2024 23:46:05,,53635,236516883,241660440
18113,3,14130,03-01-2024 11:28:13,,11507,71567553,105400172
18144,3,25372,03-01-2024 11:34:24,,11136,226117865,260539757
17549,3,95579,03-01-2024 08:03:41,,23779,6969297212,17658231245
17248,3,44008,03-01-2024 06:12:42,,30438,1791581910,2432116226
17682,3,80537,03-01-2024 08:42:42,,21438,185059861,248300553
17815,3,6879,03-01-2024 09:34:10,,18350,420348625,614237364
17499,3,82653,03-01-2024 07:48:30,,24690,943549237,1190975095
18304,3,88539,03-01-2024 12:33:36,,7584,67553453,77606430
17136,3,78335,03-01-2024 05:32:46,,32834,744803792,909992400
16151,3,25795,02-01-2024 23:45:08,,53692,304452190,315308349
17443,3,18016,03-01-2024 07:28:33,,25887,227659502,310558982
16125,3,31092,02-01-2024 23:34:15,,54345,19056368251,51135571685
16832,3,86738,03-01-2024 03:53:17,,38803,295011656,377803475
15819,3,14850,02-01-2024 21:39:02,,61258,117933513,126353799
16868,3,72595,03-01-2024 04:03:13,,38207,170511199,229084478
17843,3,53451,03-01-2024 09:47:33,,17547,235503554,247138077
16509,3,86618,03-01-2024 01:59:27,,45633,570183780,582736031
18017,3,79323,03-01-2024 10:49:15,03-01-2024 14:34:56,13541,114619984,170931224
17868,3,62993,03-01-2024 09:53:48,,17172,134616383,186816888
15767,3,87858,02-01-2024 21:15:30,,62670,535439722,595929807
18280,3,50768,03-01-2024 12:29:51,,7809,37898234,40400612
16930,3,76019,03-01-2024 04:24:24,,36936,260715709,383609079
17100,3,57962,03-01-2024 05:20:11,,33589,11477175674,32679112150
16953,3,36099,03-01-2024 04:33:43,,36377,32127954,32432923
17481,3,25638,03-01-2024 07:31:28,,25712,1257875134,1399061480
16980,3,73550,03-01-2024 04:47:52,,35528,371067527,407602118
15433,3,69443,02-01-2024 19:17:15,,69765,251055252,284652408
18176,3,52369,03-01-2024 11:40:15,,10785,726005389,788687495
18360,3,13555,03-01-2024 12:58:36,,6084,25647657,29560626
17578,3,67226,03-01-2024 08:11:43,,23297,365263696,460325808
17389,3,37234,03-01-2024 07:06:17,03-01-2024 14:34:41,26904,350768411,446878749
17101,3,83581,03-01-2024 05:21:58,,33482,404288229,538721255
15820,3,64573,02-01-2024 21:36:23,,61417,1123091648,1357904969
18408,3,61914,03-01-2024 13:19:28,,4832,61606668,70857102
18235,3,45075,03-01-2024 12:04:46,,9314,43274344,46838617
15890,3,66761,02-01-2024 22:07:32,,59548,5288630384,7058948695
17344,3,66496,03-01-2024 06:55:41,,27859,441452439,563324907
17902,3,61749,03-01-2024 10:05:27,,16473,250045329,358921985
17415,3,22907,03-01-2024 07:16:44,,26596,275160846,279715645
17550,3,20508,03-01-2024 08:03:03,,23817,764208345,1111943997
15658,3,67058,02-01-2024 20:34:35,,65125,26345427147,53804732112
18145,3,4414,03-01-2024 11:38:58,,10862,457368857,501492761
17646,3,59093,03-01-2024 08:34:01,,21959,866376457,918646169
17323,3,59891,03-01-2024 06:45:47,,28453,8224985410,18250826168
17416,3,91842,03-01-2024 07:15:22,,26678,253025495,369635231
17817,3,99031,03-01-2024 09:37:42,,18138,2617345642,1584670215
17216,3,87462,03-01-2024 06:09:04,,30656,930034655,994646366
15524,3,48838,02-01-2024 19:47:21,,67959,23244727149,58240059644
17961,3,6511,03-01-2024 10:23:02,,15418,353760861,467407295
17003,3,49823,03-01-2024 04:57:04,,34976,1050424849,1111978430
18513,3,16268,03-01-2024 13:57:27,,2553,402022156,316922540
17390,3,10700,03-01-2024 07:09:34,,27026,642972129,934417720
17500,3,64286,03-01-2024 07:46:34,,24806,650720255,919118179
16127,3,20592,02-01-2024 23:37:35,,54145,1430849677,2019389294
16722,3,81995,03-01-2024 03:11:47,,41293,245261405,282898817
16259,3,5406,03-01-2024 00:17:57,,51723,1610140967,2341991481
18379,3,46215,03-01-2024 13:01:41,,5899,165111862,185692056
17501,3,84349,03-01-2024 07:44:18,,24942,473432772,642560651
18044,3,15644,03-01-2024 10:59:23,,13237,414125688,433802102
17161,3,94704,03-01-2024 05:42:27,,32253,937654887,1144449524
17818,3,55625,03-01-2024 09:32:52,,18428,198305062,205473292
18146,3,34301,03-01-2024 11:39:28,,10832,74651590,107988068
17391,3,87053,03-01-2024 07:09:22,,27038,133165465,171700725
17773,3,94929,03-01-2024 09:19:14,,19246,303589369,455253524
18305,3,61721,03-01-2024 12:32:43,,7637,137173228,193530381
17346,3,85384,03-01-2024 06:59:34,,27626,220383636,297754850
17482,3,12297,03-01-2024 07:39:22,,25238,966364030,1355984966
17070,3,91995,03-01-2024 05:19:23,,33637,8048708038,24067693028
17962,3,55499,03-01-2024 10:21:28,,15512,42228113,60252178
18641,3,75960,03-01-2024 14:31:50,,490,1501395,1634356
18257,3,69649,03-01-2024 12:11:58,,8882,48196178,49469537
18642,3,12773,03-01-2024 14:35:55,,245,5274405,7319353
17483,3,15602,03-01-2024 07:32:34,,25646,213518959,274086312
17217,3,64019,03-01-2024 06:09:01,,30659,328212653,334123459
18045,3,91205,03-01-2024 10:58:30,,13290,5450909343,11126914421
18018,3,35341,03-01-2024 10:48:11,,13909,299713760,389796372
17774,3,66249,03-01-2024 09:15:15,,19485,613203946,723810747
16759,3,68046,03-01-2024 03:28:02,,40318,1282268174,1492123803
17302,3,70310,03-01-2024 06:32:49,,29231,168843914,201004860
16902,3,51682,03-01-2024 04:10:33,,37767,18670455232,36311753493
18576,3,82765,03-01-2024 14:16:14,,1426,5666969,7904989
18643,3,80823,03-01-2024 14:33:52,,368,21664302,31477796
18258,3,34649,03-01-2024 12:16:44,,8596,102624583,115237174
16760,3,59619,03-01-2024 03:24:33,,40527,14203825534,34315918702
18060,3,94988,03-01-2024 11:03:32,,12988,699357919,765873990
18147,3,96037,03-01-2024 11:31:28,,11312,1573348974,915750543
17162,3,52329,03-01-2024 05:42:33,,32247,1038477626,1504452839
18577,3,83171,03-01-2024 14:10:33,,1767,12328710,14374947
17579,3,25874,03-01-2024 08:16:13,,23027,429620547,533125479
17716,3,10173,03-01-2024 08:57:05,,20575,362241483,541519728
18458,3,11385,03-01-2024 13:35:33,,3867,148609283,177831367
18409,3,82326,03-01-2024 13:19:35,,4825,276832716,172562013
18177,3,50562,03-01-2024 11:49:01,,10259,212609268,231652305
17417,3,13132,03-01-2024 07:11:30,,26910,278858003,291439226
17347,3,70178,03-01-2024 06:53:01,,28019,539601492,580776189
18259,3,59994,03-01-2024 12:16:38,,8602,35711753,50475623
18491,3,75914,03-01-2024 13:45:01,,3299,71910785,92026093
18046,3,36988,03-01-2024 10:52:08,,13672,588702462,650218083
17580,3,53275,03-01-2024 08:17:20,,22960,353149070,366039708
16981,3,39260,03-01-2024 04:44:20,,35740,6619349148,4968502191
17444,3,14133,03-01-2024 07:28:04,,25916,707535137,1576227414
17647,3,47385,03-01-2024 08:38:41,,21679,2778545312,3029951384
18611,3,49028,03-01-2024 14:21:51,,1089,529508,670855
17502,3,9145,03-01-2024 07:42:02,,25078,4207188682,10642984175
17903,3,33853,03-01-2024 10:08:11,,16309,188465082,200292413
16154,3,95387,02-01-2024 23:44:49,,53711,558783414,573701917
18612,3,27671,03-01-2024 14:29:09,,651,43845684,64950597
15956,3,79286,02-01-2024 22:38:16,,57704,1430910685,1972965044
18459,3,78376,03-01-2024 13:30:26,,4174,34428318,40867529
17870,3,61864,03-01-2024 09:53:18,,17202,220486195,309751528
15847,3,37577,02-01-2024 21:40:03,,61197,1372198618,1688913642
18260,3,47285,03-01-2024 12:11:39,,8901,79467991,111003588
18613,3,54000,03-01-2024 14:27:36,,744,13060288,16860805
18307,3,5176,03-01-2024 12:35:01,,7499,39391624,40695693
16035,3,18346,02-01-2024 23:06:03,,56037,1366919625,1425940221
17581,3,76596,03-01-2024 08:14:04,,23156,9009044256,23458584109
16310,3,20133,03-01-2024 00:31:35,,50905,22348707687,42097244045
18440,3,44378,03-01-2024 13:20:41,,4759,54080390,73570229
18019,3,63897,03-01-2024 10:43:25,03-01-2024 14:32:37,13752,472140561,618400645
17963,3,83699,03-01-2024 10:22:59,,15421,48221367,48427592
18178,3,91715,03-01-2024 11:49:45,,10215,152192884,202818553
18542,3,89524,03-01-2024 14:00:13,,2387,95199149,128147125
17745,3,36243,03-01-2024 09:05:12,,20088,73153844,77581252
18047,3,16873,03-01-2024 10:55:01,,13499,1321512749,1582159774
17071,3,7373,03-01-2024 05:17:02,,33778,362136462,406877381
17004,3,26238,03-01-2024 04:56:00,,35040,1297009643,1395490862
18179,3,97287,03-01-2024 11:46:30,,10410,3163822165,8885543898
17871,3,43075,03-01-2024 09:56:33,,17007,110077776,117339981
17845,3,40113,03-01-2024 09:41:14,,17926,3264347201,6260303740
17137,3,68205,03-01-2024 05:30:20,,32980,266357816,369910103
16903,3,65099,03-01-2024 04:11:30,,37710,617391452,391281547
18578,3,22255,03-01-2024 14:14:01,,1559,23471763,25150979
18380,3,61380,03-01-2024 13:01:46,,5894,245026323,305747667
17583,3,35184,03-01-2024 08:19:09,,22851,4679784461,11089120752
17279,3,82782,03-01-2024 06:27:47,,29533,1202297963,1479033498
17072,3,30124,03-01-2024 05:10:23,,34177,698064253,704169210
17033,3,27140,03-01-2024 05:08:55,,34265,278535757,372280637
16780,3,62027,03-01-2024 03:37:23,,39757,594003060,698496654
17446,3,20408,03-01-2024 07:26:43,,25997,5170458962,10491539235
18543,3,10649,03-01-2024 14:05:20,,2080,72101710,73910983
17103,3,86703,03-01-2024 05:23:51,,33369,10829312049,31226652228
17104,3,64472,03-01-2024 05:25:10,,33290,11630658060,24387783287
18514,3,87556,03-01-2024 13:58:37,,2483,115567533,159936567
18020,3,62668,03-01-2024 10:44:26,,14134,499451163,629122603
17872,3,93748,03-01-2024 09:51:33,,17307,1575827412,3384188606
17034,3,39025,03-01-2024 05:03:07,03-01-2024 14:32:08,34141,1625648428,1719891084
18308,3,60925,03-01-2024 12:36:53,,7387,61079982,70201732
17649,3,41165,03-01-2024 08:33:10,,22010,520431553,738384863
18261,3,45340,03-01-2024 12:10:54,,8946,1753927316,4717845552
17873,3,97735,03-01-2024 09:55:55,,17045,81699825,87137870
17005,3,31280,03-01-2024 04:56:22,,35018,877534766,947918816
16537,3,79269,03-01-2024 02:08:04,,45116,504079867,508917780
16068,3,96725,02-01-2024 23:13:09,,55611,767533272,1091067710
16623,3,29073,03-01-2024 02:35:19,,43481,1242379500,1305228942
16781,3,49275,03-01-2024 03:38:36,,39684,286760881,351579768
18021,3,5975,03-01-2024 10:40:15,,14385,381936905,513365952
16538,3,81466,03-01-2024 02:00:50,,45550,38086610,48891516
17447,3,94879,03-01-2024 07:28:41,,25879,692625465,858237352
17073,3,19642,03-01-2024 05:19:37,,33623,626890211,636038992
17392,3,28774,03-01-2024 07:04:15,,27345,635657845,926433798
18441,3,61900,03-01-2024 13:27:26,,4354,145947542,158895411
17874,3,14422,03-01-2024 09:56:32,03-01-2024 14:33:56,16644,387824931,428718580
17349,3,68110,03-01-2024 06:50:19,,28181,1393941197,1531693545
16659,3,36122,03-01-2024 02:49:12,03-01-2024 14:33:04,42232,494276219,591537816
17930,3,86663,03-01-2024 10:11:52,,16088,77567595,90157789
17964,3,73740,03-01-2024 10:22:44,,15436,336742804,424164665
16761,3,14567,03-01-2024 03:26:47,,40393,8108034119,18072557043
18236,3,99717,03-01-2024 12:01:27,,9513,42520476,61879081
17775,3,33772,03-01-2024 09:10:22,,19778,476093166,600154476
18579,3,88107,03-01-2024 14:11:18,,1722,10157801,10429623
17105,3,6726,03-01-2024 05:23:09,,33411,799728541,1176688563
17280,3,76234,03-01-2024 06:25:15,,29685,328739113,391495341
16261,3,31752,03-01-2024 00:16:10,,51830,1799408946,1916036735
17996,3,93203,03-01-2024 10:35:17,,14683,206716433,291830837
17219,3,60191,03-01-2024 06:09:04,,30656,2063240389,2780807751
16707,3,53719,03-01-2024 03:06:38,,41602,784544326,1149842322
16572,3,56753,03-01-2024 02:18:06,,44514,1010825089,1181586771
18262,3,89473,03-01-2024 12:19:20,,8440,5532529,7887940
17106,3,66379,03-01-2024 05:27:15,,33165,214521374,313417160
16871,3,58987,03-01-2024 04:01:04,,38336,252444123,373268341
18381,3,32339,03-01-2024 13:03:02,,5818,69042526,73728550
17904,3,75106,03-01-2024 10:05:30,,16470,153261984,175463155
17585,3,84320,03-01-2024 08:16:08,,23032,801747848,882152534
18361,3,69949,03-01-2024 12:58:05,,6115,766017774,2194198752
16660,3,53499,03-01-2024 02:44:07,,42953,672426717,843606076
16287,3,91917,03-01-2024 00:22:33,,51447,542597380,783051064
17551,3,62823,03-01-2024 08:00:06,,23994,1163435396,1285262005
16573,3,36273,03-01-2024 02:19:19,,44441,975446915,1023503024
18644,3,75304,03-01-2024 14:39:50,,10,80276,112064
18515,3,36272,03-01-2024 13:54:55,,2705,389029908,966052488
16069,3,81502,02-01-2024 23:16:25,,55415,2371507517,2954299460
16263,3,21280,03-01-2024 00:11:35,,52105,14991654017,31129914385
17074,3,96431,03-01-2024 05:14:28,,33932,10269529138,22157443299
17418,3,17087,03-01-2024 07:14:10,,26750,4632651657,13122638608
17683,3,12776,03-01-2024 08:40:21,,21579,2226917212,2532368471
16426,3,66415,03-01-2024 01:28:34,,47486,503817721,597036978
18614,3,5720,03-01-2024 14:27:39,,741,239370947,584268401
17036,3,49001,03-01-2024 05:09:57,,34203,1135046370,1563438310
18362,3,72069,03-01-2024 12:59:07,,6053,79506635,113983502
18460,3,81171,03-01-2024 13:37:57,,3723,370649555,962472201
17251,3,10336,03-01-2024 06:12:16,,30464,2287284684,2410268495
18237,3,68409,03-01-2024 12:03:58,,9362,61328550,87983685
16983,3,45803,03-01-2024 04:48:23,,35497,120581902,155488155
17006,3,31877,03-01-2024 04:55:11,,35089,845656128,931088502
17220,3,83251,03-01-2024 06:02:27,,31053,27416923,40689484
17485,3,53242,03-01-2024 07:32:33,,25647,5949403532,11524359786
16804,3,50867,03-01-2024 03:44:44,,39316,456403871,479685651
17449,3,22085,03-01-2024 07:25:53,,26047,359386349,377495417
16763,3,29435,03-01-2024 03:26:19,,40421,495707565,593535695
18022,3,22917,03-01-2024 10:48:21,,13899,513307086,557138527
16599,3,86197,03-01-2024 02:22:07,,44273,549965789,762341464
18309,3,94308,03-01-2024 12:38:37,,7283,91782933,127091670
17281,3,74022,03-01-2024 06:20:52,,29948,1147328331,1650126213
16405,3,75470,03-01-2024 01:15:19,,48281,2726477794,3801306560
18382,3,90637,03-01-2024 13:05:51,,5649,732061223,1379494140
16661,3,92414,03-01-2024 02:43:21,,42999,1051776032,1111693861
17352,3,8670,03-01-2024 06:50:06,,28194,1259455869,1719575602
18336,3,60215,03-01-2024 12:48:43,,6677,64804556,76504735
16452,3,46780,03-01-2024 01:34:40,,47120,341609459,346416919
16070,3,21783,02-01-2024 23:14:47,,55513,4493535364,6712967387
15938,3,78657,02-01-2024 22:22:57,,58623,1013024192,1339018023
18383,3,49912,03-01-2024 13:06:12,,5628,355812713,404647796
18363,3,76182,03-01-2024 12:59:04,,6056,140246534,192676478
18048,3,43302,03-01-2024 10:52:09,,13671,5505977983,14200886088
16806,3,50944,03-01-2024 03:46:59,,39181,12254807050,29980453955
18516,3,96977,03-01-2024 13:52:15,,2865,165805823,220215012
17221,3,48172,03-01-2024 06:00:54,,31146,2389617049,3203542683
18410,3,48296,03-01-2024 13:15:27,,5073,236947219,309061452
18492,3,33101,03-01-2024 13:44:52,,3308,127461117,136378010
18337,3,24341,03-01-2024 12:45:06,,6894,1845715922,4568935795
17253,3,23143,03-01-2024 06:18:55,,30065,223183088,288200721
18181,3,41185,03-01-2024 11:45:50,,10450,535297330,597849202
17776,3,77682,03-01-2024 09:11:30,,19710,530831410,555293464
17932,3,46551,03-01-2024 10:12:12,,16068,115212073,118489890
17450,3,24603,03-01-2024 07:29:26,,25834,170754217,223698666
17109,3,22340,03-01-2024 05:27:37,,33143,988002912,1405273644
18384,3,98595,03-01-2024 13:09:02,,5458,49713815,54159798
17685,3,82715,03-01-2024 08:49:58,,21002,108565472,160244005
18461,3,14038,03-01-2024 13:32:55,,4025,66189012,97093868
18544,3,22639,03-01-2024 14:03:17,,2203,181101622,243656437
16226,3,25978,03-01-2024 00:06:47,,52393,685851107,931050785
16807,3,52963,03-01-2024 03:46:13,,39227,183147974,269013854
17965,3,52140,03-01-2024 10:26:27,,15213,759894410,800280959
18615,3,27941,03-01-2024 14:25:19,,881,827097,1078358
16600,3,36890,03-01-2024 02:24:58,,44102,13277591803,31728954871
18182,3,62372,03-01-2024 11:48:09,,10311,140817242,150831120
18263,3,73187,03-01-2024 12:17:23,,8557,101226067,150275956
18442,3,16829,03-01-2024 13:22:03,,4677,701543689,1994475609
16453,3,14522,03-01-2024 01:35:53,,47047,9627079369,20556310988
17305,3,81338,03-01-2024 06:39:35,,28825,549196180,690395238
17847,3,62844,03-01-2024 09:49:59,,17401,227642876,298479164
18545,3,37908,03-01-2024 14:06:10,,2030,16825939,18627668
16333,3,70614,03-01-2024 00:45:57,,50043,956121519,1350096681
18183,3,32653,03-01-2024 11:46:20,,10420,196576860,284731774
17933,3,20492,03-01-2024 10:10:19,,16181,578155435,667971136
16725,3,78701,03-01-2024 03:17:25,,40955,662602888,697370772
17905,3,89610,03-01-2024 10:07:03,,16377,213112838,302928230
17353,3,35110,03-01-2024 06:52:40,,28040,516192420,745807995
17934,3,52142,03-01-2024 10:15:45,,15855,308136248,342908824
15527,3,55632,02-01-2024 19:47:26,,67954,3668996744,4242593749
17452,3,54611,03-01-2024 07:26:53,,25987,96384432,125023424
16784,3,25215,03-01-2024 03:30:26,,40174,2718876798,3643660087
18462,3,28169,03-01-2024 13:37:57,,3723,890068862,1808181460
17686,3,3960,03-01-2024 08:45:25,,21275,285517724,415614932
17777,3,90836,03-01-2024 09:15:23,,19477,232739387,252588566
17796,3,34121,03-01-2024 09:24:30,,18930,416569301,537656143
18093,3,40306,03-01-2024 11:11:55,,12485,5267794019,13619096358
17747,3,63712,03-01-2024 09:02:13,,20267,751705459,1098264994
17613,3,81727,03-01-2024 08:27:17,,22363,1253702155,1273231958
16764,3,27956,03-01-2024 03:23:32,,40588,7406313641,4472302890
17325,3,82575,03-01-2024 06:47:11,03-01-2024 14:32:08,27897,491608717,699808466
18385,3,76262,03-01-2024 13:09:54,,5406,26805987,33841616
18517,3,26276,03-01-2024 13:55:05,,2695,135832416,152176442
17650,3,93025,03-01-2024 08:38:28,,21692,1688067293,1934346629
17966,3,64615,03-01-2024 10:28:55,,15065,259282375,272092444
18264,3,50296,03-01-2024 12:18:36,,8484,1423318681,3557279858
17998,3,9112,03-01-2024 10:35:47,,14653,940984782,946340197
18209,3,91366,03-01-2024 11:55:08,,9892,618236454,694231980
16016,3,99024,02-01-2024 22:55:55,,56645,3621962839,4261505189
16454,3,91308,03-01-2024 01:30:57,,47343,1771499998,2107841697
16765,3,63715,03-01-2024 03:24:43,,40517,8955085640,22119858400
16098,3,33886,02-01-2024 23:24:58,,54902,1440298657,1748085531
18023,3,30792,03-01-2024 10:41:44,,14296,1171579904,1573127719
17421,3,7979,03-01-2024 07:18:29,,26491,242585670,309132236
18061,3,11686,03-01-2024 11:06:22,,12818,333716808,395385342
17652,3,13543,03-01-2024 08:37:37,,21743,399744521,518389029
15664,3,3820,02-01-2024 20:32:46,,65234,1386588683,1848708179
18580,3,65788,03-01-2024 14:17:09,,1371,11408200,12605612
18463,3,61140,03-01-2024 13:39:47,,3613,79959288,112900836
17528,3,19279,03-01-2024 07:55:15,,24285,216742736,235283387
17393,3,81012,03-01-2024 07:06:37,,27203,550142801,573154219
18616,3,95759,03-01-2024 14:28:38,,682,6630673,9213978
18024,3,85414,03-01-2024 10:44:35,,14125,222454595,273138700
18443,3,65594,03-01-2024 13:20:20,,4780,276415204,174200364
17935,3,32326,03-01-2024 10:17:49,,15731,215925786,297661534
18464,3,42334,03-01-2024 13:39:19,,3641,1352099958,3477004756
18581,3,32558,03-01-2024 14:13:03,,1617,77048710,115528616
18386,3,42365,03-01-2024 13:09:10,,5450,72971103,90907950
17306,3,43002,03-01-2024 06:30:32,,29368,6117255832,12938786673
16576,3,85677,03-01-2024 02:11:46,,44894,27546139901,52840304051
18310,3,51450,03-01-2024 12:34:15,,7545,13332248,14837220
17875,3,16176,03-01-2024 09:57:54,,16926,217384458,244188625
17354,3,60791,03-01-2024 06:50:19,,28181,934899865,1174691251
17394,3,59018,03-01-2024 07:07:02,,27178,394548288,497354102
18116,3,41478,03-01-2024 11:21:04,,11936,736028794,851179269
18094,3,26699,03-01-2024 11:19:31,,12029,149140933,190044251
18411,3,72953,03-01-2024 13:16:00,,5040,373067452,464649257
16039,3,17872,02-01-2024 23:04:56,,56104,2482967196,2631291343
16040,3,43952,02-01-2024 23:03:08,,56212,1396108237,1738293471
17906,3,66314,03-01-2024 10:07:44,,16336,49954709,52664847
17653,3,88149,03-01-2024 08:33:53,,21967,515856227,592711480
15939,3,77515,02-01-2024 22:26:55,,58385,11287676372,22167075494
16358,3,50678,03-01-2024 00:58:07,,49313,1875043924,2776034103
18117,3,87404,03-01-2024 11:24:22,,11738,160596681,214882538
16359,3,9861,03-01-2024 00:55:58,,49442,876940473,937797670
15916,3,9842,02-01-2024 22:14:05,,59155,2170518757,2306445227
17936,3,56790,03-01-2024 10:14:53,,15907,7189707485,17000197060
18239,3,95106,03-01-2024 12:06:04,,9236,23128587,30294626
16099,3,58653,02-01-2024 23:28:54,,54666,704778312,771582920
17552,3,40092,03-01-2024 08:02:43,,23837,1240720356,1652770159
16956,3,26385,03-01-2024 04:37:01,,36179,308234948,408774463
16933,3,95685,03-01-2024 04:27:54,,36726,134475743,192320248
17077,3,9017,03-01-2024 05:16:42,,33798,1751696541,2005371669
18364,3,64882,03-01-2024 12:58:47,,6073,194444423,207564586
17222,3,74771,03-01-2024 06:05:35,,30865,452448932,465358335
16626,3,62783,03-01-2024 02:34:03,,43557,550074860,711585569
18338,3,93268,03-01-2024 12:45:55,,6845,288930932,427879923
17453,3,79346,03-01-2024 07:26:05,,26035,132762650,158787707
15851,3,29329,02-01-2024 21:47:57,,60723,4784673525,5360763405
17821,3,83943,03-01-2024 09:34:20,,18340,743659216,895542462
16908,3,71440,03-01-2024 04:16:18,,37422,1426187395,1475973601
16100,3,67356,02-01-2024 23:21:40,,55100,970054400,1117207023
18311,3,11008,03-01-2024 12:34:24,,7536,78488571,109795177
17223,3,66109,03-01-2024 06:02:55,,31025,497004660,539346179
18645,3,61885,03-01-2024 14:30:29,,571,2118626,3109767
17355,3,79167,03-01-2024 06:56:20,,27820,1376492494,1574669429
18518,3,44085,03-01-2024 13:53:14,,2806,189537000,211270524
17967,3,36852,03-01-2024 10:25:17,,15283,675499579,836262013
18444,3,84972,03-01-2024 13:20:21,,4779,457743036,484597828
16709,3,91135,03-01-2024 03:06:13,,41627,2240116223,2694528473
17687,3,30756,03-01-2024 08:47:31,,21149,282834382,318915775
15709,3,58573,02-01-2024 20:52:15,,64065,1555376896,2173913980
16540,3,84564,03-01-2024 02:06:18,,45222,363922500,410578337
15741,3,26417,02-01-2024 21:04:04,,63356,1716691749,1988152196
17968,3,18414,03-01-2024 10:24:24,,15336,74082680,74381166
16683,3,25241,03-01-2024 02:55:30,,42270,1976954373,2800444534
16627,3,9944,03-01-2024 02:34:50,,43510,860049470,1174417329
16628,3,67953,03-01-2024 02:39:58,,43202,9190509484,17763907958
17553,3,96129,03-01-2024 08:09:22,,23438,2373386394,2429521295
16663,3,69347,03-01-2024 02:43:32,,42988,151779334,196375294
17503,3,26260,03-01-2024 07:43:55,,24965,1012259184,1471970184
17876,3,85166,03-01-2024 09:50:00,,17400,779534682,1032295078
16601,3,31917,03-01-2024 02:26:29,,44011,261989647,367864042
17654,3,25357,03-01-2024 08:32:00,,22080,712049019,739881848
17797,3,38658,03-01-2024 09:25:52,,18848,204907431,206049511
16710,3,89459,03-01-2024 03:09:12,,41448,124862777,179020684
18266,3,23391,03-01-2024 12:11:08,,8932,363041230,477313174
18148,3,35450,03-01-2024 11:37:12,,10968,77521760,110054781
17356,3,18520,03-01-2024 06:52:55,,28025,4511437638,9800744930
15822,3,87665,02-01-2024 21:32:44,,61636,3141099871,3516712318
17937,3,47128,03-01-2024 10:11:23,,16117,241404724,296984290
17487,3,81208,03-01-2024 07:34:24,,25536,500215740,558335125
17688,3,58240,03-01-2024 08:49:27,,21033,1686910887,1793457927
16313,3,32722,03-01-2024 00:39:32,,50428,458002158,594564543
18617,3,24666,03-01-2024 14:26:22,,818,4509320,5802888
18412,3,92303,03-01-2024 13:11:46,,5294,1759213509,4106452653
17007,3,61080,03-01-2024 04:50:10,,35390,67219903,87973241
17110,3,87699,03-01-2024 05:20:40,,33560,101907290,131922204
16985,3,54420,03-01-2024 04:48:45,,35475,1079713985,1546770764
18546,3,75997,03-01-2024 14:00:07,,2393,62727837,78952774
18062,3,77906,03-01-2024 11:01:28,,13112,166431496,213327193
17655,3,22765,03-01-2024 08:35:48,,21852,820339669,1128035771
17877,3,70388,03-01-2024 09:59:10,,16850,135825496,171370534
16406,3,46658,03-01-2024 01:11:35,03-01-2024 14:35:26,48231,14077558561,26556572756
18646,3,46658,03-01-2024 14:37:07,,173,36727728,99881414
16664,3,77796,03-01-2024 02:40:04,,43196,16216944238,41191490836
17307,3,52623,03-01-2024 06:37:21,,28959,1757725146,2167175577
18240,3,24369,03-01-2024 12:08:41,,9079,62281899,65084484
16810,3,77907,03-01-2024 03:44:54,,39306,71961828,80704335
16630,3,83284,03-01-2024 02:37:49,,43331,488514006,670288530
16074,3,85657,02-01-2024 23:15:41,,55459,2577271660,3252697694
17504,3,37217,03-01-2024 07:42:07,,25073,58846462,68045000
15605,3,84789,02-01-2024 20:12:05,,66475,954760335,1045925473
17656,3,90761,03-01-2024 08:37:12,,21768,4434383455,10860240865
18025,3,33295,03-01-2024 10:44:35,,14125,337761233,481920989
17969,3,49943,03-01-2024 10:23:40,,15380,527833263,633765864
17938,3,38947,03-01-2024 10:19:56,,15604,141738814,154165162
18312,3,7894,03-01-2024 12:36:12,,7428,2391897867,6115884963
17282,3,97493,03-01-2024 06:27:13,,29567,9318009591,18880101952
17357,3,6704,03-01-2024 06:54:09,,27951,555274362,802602992
16631,3,13766,03-01-2024 02:30:40,,43760,931132747,1280542214
16730,3,66912,03-01-2024 03:11:49,,41291,1820479310,2041663251
17397,3,90226,03-01-2024 07:01:27,,27513,114155392,166896711
18618,3,4037,03-01-2024 14:29:38,,622,97275706,232237463
16265,3,26947,03-01-2024 00:11:01,,52139,1072812380,1248184454
16337,3,44968,03-01-2024 00:41:33,,50307,2717706412,2942776963
16712,3,62266,03-01-2024 03:04:59,,41701,442223226,604721731
17111,3,32577,03-01-2024 05:26:43,03-01-2024 14:38:16,33093,2095555561,2173582516
18465,3,80816,03-01-2024 13:31:29,,4111,25821826,32251605
17588,3,91078,03-01-2024 08:14:24,,23136,668137880,757611969
18619,3,90201,03-01-2024 14:20:22,,1178,7775507,8441004
15917,3,47324,02-01-2024 22:13:01,,59219,2878786379,4093679889
17112,3,22249,03-01-2024 05:29:48,,33012,5524147596,10741994737
16787,3,62445,03-01-2024 03:39:52,,39608,2071014204,2628227615
18149,3,76322,03-01-2024 11:39:26,,10834,122293320,148395329
17038,3,70998,03-01-2024 05:07:13,,34367,960725860,1141132220
18466,3,32534,03-01-2024 13:31:57,,4083,105306370,114212657
17505,3,20405,03-01-2024 07:43:58,,24962,261357169,343924986
18184,3,8814,03-01-2024 11:42:50,,10630,975727376,979334295
17398,3,44168,03-01-2024 07:02:54,,27426,399075858,525998458
16731,3,29042,03-01-2024 03:10:24,,41376,487527327,725425134
18519,3,66271,03-01-2024 13:51:46,,2894,323914173,422155558
17689,3,52830,03-01-2024 08:47:19,,21161,629909924,677018502
17255,3,66551,03-01-2024 06:18:40,,30080,1459965800,1999841449
16876,3,28987,03-01-2024 04:00:42,,38358,663327069,761772879
17690,3,33516,03-01-2024 08:43:28,,21392,481586318,542820618
16986,3,10918,03-01-2024 04:42:43,,35837,530158587,630741956
16788,3,88916,03-01-2024 03:37:30,,39750,557107044,793672866
17554,3,24172,03-01-2024 08:06:35,,23605,145837721,189914932
16877,3,7053,03-01-2024 04:08:40,,37880,15577783370,44009927102
18413,3,53759,03-01-2024 13:14:55,,5105,69318154,74304202
18387,3,95794,03-01-2024 13:08:12,,5508,92086460,121306995
18339,3,82228,03-01-2024 12:41:19,,7121,175066955,223597810
17822,3,41242,03-01-2024 09:34:42,,18318,282260129,407265079
17399,3,80065,03-01-2024 07:00:36,,27564,1059618046,1401346906
18547,3,76979,03-01-2024 14:08:28,,1892,9511924,12454789
18000,3,79273,03-01-2024 10:39:48,,14412,1076437663,2714720672
18267,3,6383,03-01-2024 12:10:25,,8975,477690698,672251752
17823,3,98480,03-01-2024 09:30:34,,18566,248770446,350315199
15532,3,67235,02-01-2024 19:46:47,,67993,407557920,512421220
17589,3,85401,03-01-2024 08:17:50,,22930,798875505,849517008
18118,3,13366,03-01-2024 11:20:30,,11970,828543613,988645509
18493,3,78175,03-01-2024 13:47:33,,3147,18721508,21898569
18340,3,42536,03-01-2024 12:42:54,,7026,95667803,140648456
18063,3,33090,03-01-2024 11:08:14,,12706,220327475,303590175
18582,3,56593,03-01-2024 14:13:46,,1574,61390137,83600790
17718,3,98055,03-01-2024 08:50:41,,20959,1832849572,2088500720
18414,3,30362,03-01-2024 13:17:13,,4967,21964522,22953566
16911,3,47957,03-01-2024 04:13:56,,37564,442469817,593691958
16230,3,46544,03-01-2024 00:01:00,,52740,312147248,462634430
17555,3,54051,03-01-2024 08:03:48,,23772,39021707,57045218
18185,3,20520,03-01-2024 11:43:55,,10565,693347524,783542636
16459,3,76589,03-01-2024 01:34:09,,47151,1674695964,2452624680
16958,3,91545,03-01-2024 04:30:13,,36587,172454354,218509457
18467,3,27334,03-01-2024 13:39:21,,3639,1194095323,2792958971
18119,3,39572,03-01-2024 11:29:49,,11411,1740978799,3670951656
18186,3,89468,03-01-2024 11:42:31,,10649,1737979009,3243725243
17908,3,57576,03-01-2024 10:01:09,,16731,208847534,214040554
15745,3,48211,02-01-2024 21:03:55,,63365,172951174,208982396
18415,3,45143,03-01-2024 13:19:08,,4852,155736651,184932620
18064,3,43813,03-01-2024 11:08:09,,12711,599536313,895383771
17113,3,92098,03-01-2024 05:22:38,,33442,592564793,703716498
18065,3,45908,03-01-2024 11:05:44,,12856,297685828,408869421
18049,3,75146,03-01-2024 10:59:21,,13239,93803309,117942734
17939,3,14236,03-01-2024 10:19:56,,15604,462154351,467137522
17039,3,71982,03-01-2024 05:07:18,,34362,755240849,1123134283
16633,3,51487,03-01-2024 02:36:28,,43412,384699487,388003074
17078,3,18723,03-01-2024 05:11:52,,34088,289111618,297473324
18416,3,22727,03-01-2024 13:11:48,,5292,66511274,87958711
18494,3,46662,03-01-2024 13:47:16,,3164,82477983,102364596
17488,3,95577,03-01-2024 07:37:41,,25339,1009941468,1401853320
17079,3,37363,03-01-2024 05:16:14,,33826,203376105,209103350
17970,3,89479,03-01-2024 10:23:37,,15383,404508655,454371506
18583,3,89327,03-01-2024 14:16:38,,1402,78625562,78890063
16488,3,94728,03-01-2024 01:47:43,,46337,12934686077,25259287504
15475,3,31056,02-01-2024 19:23:54,03-01-2024 14:32:42,68928,2889453691,3264010519
15581,3,83087,02-01-2024 20:08:09,,66711,3680744957,5098048099
16732,3,87017,03-01-2024 03:16:31,,41009,4529441447,5576474784
17691,3,89050,03-01-2024 08:47:06,,21174,362660470,390182395
16190,3,74927,02-01-2024 23:53:55,,53165,834348208,861903350
16460,3,27819,03-01-2024 01:36:44,,46996,530303751,685126495
16839,3,64718,03-01-2024 03:50:45,,38955,1635239741,2425786968
18620,3,43702,03-01-2024 14:28:03,,717,14373256,15113922
17506,3,45807,03-01-2024 07:42:42,,25038,4609768984,8768946892
18313,3,85029,03-01-2024 12:34:05,,7555,14267659,16075074
17878,3,8631,03-01-2024 09:58:33,,16887,112868799,131876573
17009,3,80286,03-01-2024 04:56:07,,35033,784206348,1961470291
18520,3,5025,03-01-2024 13:50:05,,2995,205149116,280042625
17614,3,65495,03-01-2024 08:26:13,,22427,461650187,531925178
17909,3,58517,03-01-2024 10:04:58,,16502,73006077,90913468
17530,3,88500,03-01-2024 07:54:26,,24334,325216315,340081568
15773,3,85257,02-01-2024 21:18:44,,62476,1826711483,2008555625
17531,3,86926,03-01-2024 07:54:06,,24354,264741841,331484619
17190,3,51945,03-01-2024 05:51:13,,31727,2288367854,6566337186
17590,3,71451,03-01-2024 08:11:45,,23295,183053011,262889409
18120,3,59361,03-01-2024 11:21:16,,11924,653348552,954963002
17191,3,84832,03-01-2024 05:56:02,,31438,464299792,497895034
16812,3,29147,03-01-2024 03:48:10,,39110,33822848,48559813
16101,3,69257,02-01-2024 23:25:36,03-01-2024 14:39:28,54832,1441791094,2051591982
18647,3,69257,03-01-2024 14:39:48,,12,42081,43695
16429,3,55813,03-01-2024 01:28:24,,47496,1850649559,2457276084
16936,3,9680,03-01-2024 04:25:16,,36884,695581109,940668318
17825,3,93669,03-01-2024 09:34:33,,18327,7628034415,19849321572
17507,3,25150,03-01-2024 07:45:05,,24895,805871977,1078187182
16937,3,3887,03-01-2024 04:26:12,,36828,1452258381,1571036709
16912,3,15570,03-01-2024 04:15:56,,37444,123598779,154739549
17591,3,41352,03-01-2024 08:13:10,,23210,644437807,774109870
16543,3,4699,03-01-2024 02:07:30,,45150,641546160,864999474
18095,3,15956,03-01-2024 11:11:54,,12486,223727458,329323781
18241,3,64405,03-01-2024 12:06:17,,9223,18079722,19986282
18621,3,92355,03-01-2024 14:22:34,,1046,31998263,41998366
18211,3,9990,03-01-2024 11:58:08,,9712,2247557385,5571582048
18521,3,89538,03-01-2024 13:51:43,,2897,82086124,99765521
17532,3,87972,03-01-2024 07:51:33,,24507,1653028153,1838135998
17657,3,94053,03-01-2024 08:30:57,,22143,924238583,950461458
17166,3,86800,03-01-2024 05:42:45,,32235,1403155868,1980922033
18212,3,35725,03-01-2024 11:51:48,,10092,127685462,153414088
17358,3,31793,03-01-2024 06:59:14,,27646,409441796,553147918
18388,3,21057,03-01-2024 13:08:47,,5473,1198981338,2864249841
18150,3,88114,03-01-2024 11:38:32,,10888,1326439769,3620943623
16604,3,4160,03-01-2024 02:27:14,,43966,1492884029,1684341126
16544,3,87007,03-01-2024 02:08:50,,45070,1502819278,1614030809
18468,3,67292,03-01-2024 13:39:44,,3616,116965987,127022067
17848,3,19873,03-01-2024 09:42:10,,17870,263999631,267245679
18001,3,45917,03-01-2024 10:31:25,,14915,34202747,35535267
17508,3,6299,03-01-2024 07:40:01,,25199,5755000271,14368710450
18187,3,10741,03-01-2024 11:48:45,,10275,104760535,152277395
18341,3,91727,03-01-2024 12:45:28,,6872,66844017,69046956
17115,3,6171,03-01-2024 05:23:29,,33391,64830975,76946114
17799,3,83949,03-01-2024 09:28:45,,18675,4467429076,10111333249
16913,3,56003,03-01-2024 04:11:15,,37725,340974216,389207794
18122,3,62393,03-01-2024 11:28:51,,11469,4571085854,12568934213
16431,3,76742,03-01-2024 01:28:31,,47489,996292753,1455508689
18242,3,52032,03-01-2024 12:09:41,,9019,8345985,10382354
15801,3,53817,02-01-2024 21:23:33,,62187,2614921884,2819643987
18365,3,70627,03-01-2024 12:57:10,,6170,24186807,28607284
18548,3,33016,03-01-2024 14:05:46,,2054,197483232,259918176
17225,3,78301,03-01-2024 06:04:25,,30935,717259228,720893081
17592,3,9717,03-01-2024 08:10:36,,23364,780608640,890558700
17167,3,10990,03-01-2024 05:45:11,,32089,13508107093,31737134719
16162,3,80458,02-01-2024 23:47:37,,53543,718789760,989716753
17800,3,44100,03-01-2024 09:23:51,,18969,5335173722,10444243616
18469,3,3920,03-01-2024 13:39:19,,3641,91709057,92777169
18549,3,23493,03-01-2024 14:03:39,,2181,34642945,38843870
17940,3,43966,03-01-2024 10:13:26,,15994,264655266,361373269
15992,3,22323,02-01-2024 22:45:33,,57267,244894658,318900570
17226,3,50614,03-01-2024 06:01:13,,31127,685316827,791696136
17971,3,20639,03-01-2024 10:25:05,,15295,148543808,198902481
16878,3,9593,03-01-2024 04:00:40,,38360,837463079,874125586
18522,3,51583,03-01-2024 13:56:11,,2629,109005000,124078903
18342,3,47022,03-01-2024 12:47:04,,6776,129088314,184083093
18622,3,48592,03-01-2024 14:26:14,,826,13168199,15304127
17615,3,75265,03-01-2024 08:22:07,,22673,1109131613,1281715206
17748,3,4595,03-01-2024 09:03:47,,20173,3876277792,8029549234
18550,3,61932,03-01-2024 14:05:30,,2070,23115409,29829896
16102,3,31282,02-01-2024 23:29:25,,54635,1158845147,1641749864
17010,3,9177,03-01-2024 04:58:10,,34910,528594544,773156464
17283,3,14276,03-01-2024 06:25:47,,29653,216945924,301479577
17423,3,72129,03-01-2024 07:13:25,,26795,77428786,100942220
18096,3,26222,03-01-2024 11:12:30,,12450,555791628,627571114
16634,3,76640,03-01-2024 02:37:29,,43351,451492629,483559176
18648,3,18198,03-01-2024 14:31:15,,525,8416253,10142548
17309,3,47257,03-01-2024 06:30:34,,29366,1636584218,2025368816
17533,3,18916,03-01-2024 07:55:06,,24294,1188003215,1456290330
17941,3,66776,03-01-2024 10:17:39,,15741,343301762,459978144
18268,3,50598,03-01-2024 12:10:18,,8982,301235723,371680230
17659,3,77456,03-01-2024 08:38:14,,21706,1663057032,2107389171
17401,3,36094,03-01-2024 07:06:18,,27222,1533034332,1764569301
18584,3,33813,03-01-2024 14:18:08,,1312,634835181,1189247065
16409,3,95788,03-01-2024 01:12:40,,48440,6402522170,17377896251
17693,3,48213,03-01-2024 08:43:46,,21374,357499723,430355340
17593,3,34575,03-01-2024 08:17:06,,22974,118763647,161975242
17616,3,15827,03-01-2024 08:26:27,,22413,5677660634,13373236531
18445,3,8368,03-01-2024 13:21:31,,4709,229635930,231871406
16360,3,17591,03-01-2024 00:57:17,,49363,1662589218,2050684107
17879,3,98072,03-01-2024 09:57:39,,16941,501745937,558879385
17801,3,29881,03-01-2024 09:25:28,,18872,274905157,293342488
17509,3,13162,03-01-2024 07:49:02,,24658,495880504,641012771
16938,3,86656,03-01-2024 04:23:03,,37017,2999053897,7705259440
17749,3,64676,03-01-2024 09:06:18,,20022,6363100710,12309123930
15825,3,60161,02-01-2024 21:36:51,,61389,1212220519,1392169644
18551,3,91998,03-01-2024 14:02:43,,2237,20822645,22601898
17972,3,82702,03-01-2024 10:20:06,,15594,332247522,483407070
18552,3,89858,03-01-2024 14:01:26,,2314,45452604,58582298
17750,3,52660,03-01-2024 09:09:25,,19835,325560689,381595936
18417,3,66956,03-01-2024 13:10:25,,5375,345954189,486199785
18495,3,94128,03-01-2024 13:43:52,,3368,88212131,121804042
18623,3,9331,03-01-2024 14:29:36,,624,884998,918629
16390,3,46195,03-01-2024 01:02:49,,49031,43859094,45351624
18389,3,97141,03-01-2024 13:02:05,,5875,65112565,86698505
18151,3,98294,03-01-2024 11:30:08,,11392,512341302,594739925
16666,3,51924,03-01-2024 02:49:46,,42614,2159242389,2979545493
17012,3,57573,03-01-2024 04:51:32,,35308,823424256,925980695
18050,3,45433,03-01-2024 10:53:43,,13577,776440721,1892874303
18188,3,39492,03-01-2024 11:48:48,,10272,251331078,278432586
17974,3,64155,03-01-2024 10:25:24,,15276,141468607,164125924
16879,3,74042,03-01-2024 04:05:48,,38052,15380681794,35201227503
18523,3,46252,03-01-2024 13:50:53,,2947,9519081,11105937
16917,3,25645,03-01-2024 04:19:55,,37205,331030228,472185836
15535,3,10682,02-01-2024 19:45:02,03-01-2024 14:36:07,67865,1101579895,1485160746
17719,3,10647,03-01-2024 08:56:00,,20640,1365181956,1608288888
17360,3,7865,03-01-2024 06:58:05,,27715,319955009,391936606
17454,3,67431,03-01-2024 07:25:24,,26076,228643503,309435653
15560,3,44573,02-01-2024 19:51:07,,67733,20055770009,38198033172
17942,3,54159,03-01-2024 10:18:55,,15665,218698819,279017619
18418,3,95052,03-01-2024 13:12:47,,5233,177571634,260750824
18553,3,58907,03-01-2024 14:09:59,,1801,747970,917024
16963,3,85229,03-01-2024 04:35:32,,36268,578783292,718879505
16318,3,25882,03-01-2024 00:30:13,,50987,627294683,744023655
17535,3,99301,03-01-2024 07:53:20,,24400,66750153,77956567
15895,3,38425,02-01-2024 22:03:55,,59765,3562118194,4479841121
16768,3,34125,03-01-2024 03:28:40,,40280,286139618,334716773
15875,3,43382,02-01-2024 21:54:40,,60320,1490414052,1536182180
17720,3,42932,03-01-2024 08:52:27,,20853,454166864,505722217
15631,3,32076,02-01-2024 20:22:23,,65857,2342499069,2607735464
18343,3,43964,03-01-2024 12:49:13,,6647,161882347,224609268
17849,3,53243,03-01-2024 09:42:25,,17855,82396805,86252514
17617,3,71565,03-01-2024 08:28:47,,22273,754508853,849231079
18585,3,82807,03-01-2024 14:17:58,,1322,31060626,34328491
18624,3,98191,03-01-2024 14:23:10,,1010,49013016,62491062
17041,3,40270,03-01-2024 05:07:00,,34380,1153979155,1640398868
16685,3,77865,03-01-2024 02:53:29,,42391,91943904,118158006
16841,3,7863,03-01-2024 03:59:19,,38441,2244675164,2838554285
17425,3,67423,03-01-2024 07:12:11,,26869,1122611864,1415372940
16988,3,53867,03-01-2024 04:42:34,,35846,286441729,287813634
17138,3,46913,03-01-2024 05:37:30,,32550,1336719771,1774888922
18586,3,96113,03-01-2024 14:18:55,,1265,302691393,627520794
17081,3,58489,03-01-2024 05:11:40,,34100,6786921280,14211437003
18366,3,43782,03-01-2024 12:53:07,,6413,1823695049,3446378196
16517,3,43695,03-01-2024 01:51:27,,46113,3998561490,4782719492
18314,3,25310,03-01-2024 12:30:17,,7783,184431289,200839477
16267,3,36892,03-01-2024 00:16:58,,51782,14319304159,32538943205
18554,3,41407,03-01-2024 14:07:25,,1955,92441995,112927283
17013,3,72602,03-01-2024 04:51:11,,35329,387458531,411518297
17618,3,66275,03-01-2024 08:20:56,,22744,143316983,158421976
18587,3,22357,03-01-2024 14:19:10,,1250,-169431,-238784
17170,3,91985,03-01-2024 05:44:21,,32139,2679428444,2895607689
17361,3,97229,03-01-2024 06:57:13,,27767,10987692783,22224452725
18470,3,72783,03-01-2024 13:30:21,,4179,180895462,205856880
17426,3,93004,03-01-2024 07:10:48,,26952,1320592530,1663489013
17850,3,75912,03-01-2024 09:45:26,,17674,252369834,348967938
18067,3,93123,03-01-2024 11:05:10,,12890,56428665,67197338
18282,3,68656,03-01-2024 12:28:14,,7906,141009018,175452520
17490,3,6610,03-01-2024 07:34:53,,25507,368860341,474565650
18283,3,59268,03-01-2024 12:27:43,,7937,198460487,264398140
17014,3,19432,03-01-2024 04:53:34,,35186,917711116,922039629
17910,3,65661,03-01-2024 10:09:44,,16216,89171497,101719527
18243,3,84829,03-01-2024 12:05:12,,9288,71752429,77182435
16492,3,44253,03-01-2024 01:47:57,,46323,317580300,410602314
16606,3,54272,03-01-2024 02:21:53,,44287,1102313104,1431557874
18555,3,29367,03-01-2024 14:05:58,,2042,123588464,182454163
18390,3,85558,03-01-2024 13:06:17,,5623,20751558,23234096
16134,3,48410,02-01-2024 23:34:56,,54304,1033717903,1376788833
18097,3,40522,03-01-2024 11:19:59,,12001,115057458,159966186
17851,3,67386,03-01-2024 09:48:38,,17482,1177743540,649043438
17455,3,98556,03-01-2024 07:23:07,,26213,352132843,472514223
17256,3,52729,03-01-2024 06:10:11,,30589,3246620526,4244230456
15942,3,73787,02-01-2024 22:22:54,,58626,92868709,135704099
17751,3,67604,03-01-2024 09:07:06,,19974,1340433,1818098
18367,3,77205,03-01-2024 12:51:57,,6483,144253173,171028042
18152,3,49919,03-01-2024 11:39:05,,10855,1663735889,1744110899
16493,3,33371,03-01-2024 01:41:36,,46704,232795729,313334160
17943,3,28268,03-01-2024 10:14:24,,15936,120882993,174257382
16940,3,12463,03-01-2024 04:24:16,,36944,1439342333,1962688001
18524,3,95334,03-01-2024 13:57:04,,2576,243367014,291059983
18189,3,21777,03-01-2024 11:47:29,,10351,105646460,151795594
17779,3,84090,03-01-2024 09:18:16,,19304,176337922,254366555
17327,3,66618,03-01-2024 06:40:57,,28743,312322054,330607787
17976,3,93919,03-01-2024 10:27:24,,15156,316761079,340426160
15967,3,14378,02-01-2024 22:34:17,03-01-2024 14:32:22,57485,926491260,1111279321
16667,3,41318,03-01-2024 02:40:11,,43189,1819152070,2504853159
18625,3,60300,03-01-2024 14:24:43,,917,15669920,21791011
17619,3,38853,03-01-2024 08:22:07,,22673,467621021,540506700
18269,3,66535,03-01-2024 12:13:06,,8814,322108043,478022951
17852,3,20843,03-01-2024 09:47:55,,17525,154379025,195549431
18525,3,85000,03-01-2024 13:58:04,,2516,185025314,188461519
18153,3,7325,03-01-2024 11:34:54,,11106,3358871771,8256259383
15687,3,89320,02-01-2024 20:49:14,,64246,2078925001,2228671875
15716,3,24793,02-01-2024 20:58:25,,63695,1695673865,1831638554
17015,3,42202,03-01-2024 04:55:23,,35077,44128295864,34777406531
18391,3,28682,03-01-2024 13:05:11,,5689,114638698,168323203
18344,3,94729,03-01-2024 12:49:22,,6638,14608979,16997437
16964,3,45250,03-01-2024 04:32:42,,36438,450986000,638694186
18649,3,53319,03-01-2024 14:31:27,,513,42938953,57848665
17362,3,58649,03-01-2024 06:55:38,,27862,6443872681,16562597496
17911,3,15877,03-01-2024 10:05:20,,16480,153178652,218818254
16104,3,4932,02-01-2024 23:29:57,,54603,576293135,641534741
17117,3,36945,03-01-2024 05:22:05,,33475,1876927551,2275732471
17510,3,30668,03-01-2024 07:48:49,,24671,1045392558,1502373093
18392,3,75037,03-01-2024 13:02:28,,5852,85733204,92916347
18284,3,33679,03-01-2024 12:24:37,,8123,14680629,18549160
17660,3,6492,03-01-2024 08:34:19,,21941,708042784,732785376
16077,3,86713,02-01-2024 23:12:14,,55666,2891516379,3237612090
18315,3,31560,03-01-2024 12:33:53,,7567,128538652,148646046
17139,3,26728,03-01-2024 05:35:47,,32653,1351262671,1973649033
17944,3,69275,03-01-2024 10:16:39,,15801,40602494,53597693
18556,3,76212,03-01-2024 14:06:24,,2016,38465535,53186184
18027,3,45289,03-01-2024 10:46:18,,14022,894234342,1075248812
17880,3,5350,03-01-2024 09:58:01,,16919,805238539,1015639822
16548,3,13418,03-01-2024 02:04:11,,45349,112764282,139066936
17721,3,13239,03-01-2024 08:55:26,,20674,1585085652,1839019399
16580,3,92335,03-01-2024 02:10:10,,44990,1205266896,1733781421
18368,3,7419,03-01-2024 12:55:44,,6256,78796066,103878460
18068,3,58664,03-01-2024 11:00:57,,13143,929261367,1087802055
16607,3,83378,03-01-2024 02:22:43,,44237,923724062,999165061
16549,3,91134,03-01-2024 02:05:44,,45256,316201327,381734158
17945,3,84718,03-01-2024 10:13:19,,16001,696341454,1030117878
16519,3,36601,03-01-2024 01:53:53,,45967,1157964535,1161331245
18496,3,36188,03-01-2024 13:48:22,,3098,86907295,123765012
17363,3,63981,03-01-2024 06:52:48,,28032,348025933,468139564
17620,3,94567,03-01-2024 08:23:56,,22564,308702140,366969945
17228,3,99068,03-01-2024 06:08:36,,30684,6688233898,15070635076
17695,3,87026,03-01-2024 08:45:18,,21282,269133400,279770256
17310,3,64503,03-01-2024 06:35:15,,29085,393796792,425276446
16990,3,11581,03-01-2024 04:40:16,,35984,10947861906,31715766109
18069,3,40243,03-01-2024 11:07:20,,12760,134180536,196087150
18123,3,17953,03-01-2024 11:26:50,,11590,486215001,606503569
18124,3,10836,03-01-2024 11:21:11,,11929,677621018,710909407
17696,3,45004,03-01-2024 08:47:30,,21150,462945804,547055939
18070,3,80165,03-01-2024 11:04:11,,12949,2815446671,6943783235
16687,3,68068,03-01-2024 02:51:51,,42489,300256227,334153542
18369,3,54405,03-01-2024 12:59:51,,6009,91002170,108759298
18125,3,17948,03-01-2024 11:24:57,,11703,169476537,235388861
17118,3,94807,03-01-2024 05:25:22,,33278,1008583246,1467679037
18002,3,14059,03-01-2024 10:35:54,,14646,225694795,330960908
17043,3,24888,03-01-2024 05:01:21,,34719,89230629,99738113
17853,3,43137,03-01-2024 09:44:29,,17731,264106718,297514084
18098,3,65155,03-01-2024 11:19:19,,12041,18921058,24364308
16135,3,5222,02-01-2024 23:34:10,,54350,315567629,350055415
17978,3,33999,03-01-2024 10:25:11,,15289,284979986,288881555
17284,3,81492,03-01-2024 06:27:47,,29533,686982843,979075804
17119,3,76501,03-01-2024 05:25:36,,33264,304395214,399764793
17912,3,24688,03-01-2024 10:05:58,,16442,543977454,634403482
17082,3,6178,03-01-2024 05:13:14,,34006,237221165,308780938
17536,3,78089,03-01-2024 07:53:07,,24413,858110386,1067127476
15446,3,14227,02-01-2024 19:10:45,,70155,629618178,754167958
18214,3,58931,03-01-2024 11:59:49,,9611,43575478,63686563
17258,3,61411,03-01-2024 06:16:45,,30195,542277278,581480733
18497,3,6701,03-01-2024 13:42:40,,3440,77575008,80796886
17780,3,77071,03-01-2024 09:17:17,,19363,1475880868,1634323087
18126,3,59555,03-01-2024 11:21:02,,11938,101106650,110182887
17596,3,63554,03-01-2024 08:15:52,,23048,6621541711,14722171252
17194,3,75266,03-01-2024 05:59:57,,31203,455055784,468305345
17427,3,65592,03-01-2024 07:16:10,,26630,384353040,548627287
16191,3,34056,02-01-2024 23:54:23,,53137,1346931384,1426321298
16192,3,40082,02-01-2024 23:58:20,,52900,712897707,1014426207
18190,3,12539,03-01-2024 11:42:40,,10640,231400884,251335201
18051,3,65251,03-01-2024 10:58:27,,13293,213474704,239358729
18316,3,80466,03-01-2024 12:37:49,,7331,1672917081,3882273222
18557,3,79343,03-01-2024 14:06:51,,1989,587909866,1494824592
18526,3,47823,03-01-2024 13:53:35,,2785,169759985,216714829
17172,3,65274,03-01-2024 05:44:59,,32101,706279991,855856754
15899,3,35002,02-01-2024 22:01:22,03-01-2024 14:31:32,59410,1149318530,1189916640
18650,3,35002,03-01-2024 14:33:14,,406,6613716,9525516
17121,3,51779,03-01-2024 05:22:46,,33434,6784539678,20278040032
17044,3,35160,03-01-2024 05:01:11,,34729,623499777,681515854
18651,3,42296,03-01-2024 14:30:37,,563,5492174,5544056
18345,3,89292,03-01-2024 12:49:21,,6639,180759092,239391520
17428,3,18102,03-01-2024 07:15:24,,26676,2257577429,2305352038
16294,3,10816,03-01-2024 00:29:42,,51018,2375991437,3035377987
16815,3,14146,03-01-2024 03:41:13,,39527,1135775134,1212431176
17662,3,27805,03-01-2024 08:39:05,,21655,135855886,140742078
18446,3,31894,03-01-2024 13:21:03,,4737,201551131,241983443
17946,3,13856,03-01-2024 10:16:45,,15795,704989996,744480033
16392,3,16219,03-01-2024 01:01:57,,49083,159402322,209562247
18127,3,24127,03-01-2024 11:29:41,,11419,585380126,680121691
16883,3,88436,03-01-2024 04:01:20,,38320,447859713,549092202
17173,3,84618,03-01-2024 05:44:11,,32149,1389546887,1594650465
17364,3,18626,03-01-2024 06:51:00,,28140,171235436,195882159
17286,3,92999,03-01-2024 06:29:29,,29431,1720844619,2537230407
15901,3,68532,02-01-2024 22:02:43,,59837,965338907,1130130607
18191,3,20298,03-01-2024 11:47:22,,10358,71307181,74590867
17826,3,79794,03-01-2024 09:35:02,,18298,170081005,178950133
17913,3,85406,03-01-2024 10:09:15,,16245,340075404,460175868
18317,3,23388,03-01-2024 12:35:55,,7445,276778450,323665538
16884,3,74422,03-01-2024 04:05:02,,38098,2612843073,2924352575
17140,3,98642,03-01-2024 05:38:07,,32513,446500840,519864587
18270,3,54239,03-01-2024 12:12:30,,8850,240051731,264767321
16789,3,91915,03-01-2024 03:31:13,,40127,143985219,199600383
17459,3,61990,03-01-2024 07:20:34,,26366,1620331625,2182989924
15753,3,60013,02-01-2024 21:04:49,,63311,961142231,1088002197
17663,3,65378,03-01-2024 08:37:47,,21733,738217528,774939589
18154,3,14951,03-01-2024 11:31:01,,11339,401025047,425694466
18128,3,53796,03-01-2024 11:21:06,,11934,572979496,723520454
18071,3,94730,03-01-2024 11:01:50,,13090,445068685,582124582
17597,3,12049,03-01-2024 08:13:21,,23199,801341770,1184932595
16079,3,88758,02-01-2024 23:15:21,,55479,2306855636,3113264654
17403,3,80058,03-01-2024 07:04:05,,27355,120293833,126831979
18072,3,27291,03-01-2024 11:01:31,,13109,69570963,70565000
18588,3,9834,03-01-2024 14:17:43,,1337,203010,225362
18073,3,79268,03-01-2024 11:00:31,,13169,219027018,238764068
18527,3,24007,03-01-2024 13:52:04,,2876,184760109,249565822
16520,3,71782,03-01-2024 01:52:38,,46042,1371450374,1738511910
18052,3,69057,03-01-2024 10:59:59,,13201,1292068708,1863869652
17802,3,66880,03-01-2024 09:24:21,,18939,321555413,351037319
17664,3,66528,03-01-2024 08:38:24,,21696,817714666,866784291
17752,3,34581,03-01-2024 09:01:50,,20290,418878455,554764998
16688,3,90041,03-01-2024 02:51:56,,42484,2004725073,2771742201
16320,3,88918,03-01-2024 00:35:49,,50651,791946041,845514926
16434,3,72339,03-01-2024 01:20:38,,47962,292431123,309662616
18626,3,59970,03-01-2024 14:21:18,,1122,23729166,28877350
17046,3,32997,03-01-2024 05:08:43,,34277,192687656,249645089
16321,3,71910,03-01-2024 00:39:46,,50414,2357976949,2375240288
16234,3,70373,03-01-2024 00:09:40,,52220,547767398,649554745
15689,3,28198,02-01-2024 20:41:25,,64715,3017110634,3771105432
16608,3,88157,03-01-2024 02:20:35,,44365,731689382,851619544
17513,3,19216,03-01-2024 07:42:39,,25041,749846391,1120423260
16235,3,77138,03-01-2024 00:01:52,,52688,426598596,570076060
17556,3,23410,03-01-2024 08:01:45,,23895,638936199,762033909
18471,3,85301,03-01-2024 13:32:38,,4042,106311188,156303177
17979,3,19226,03-01-2024 10:25:52,,15248,299595503,409350734
18028,3,48338,03-01-2024 10:42:06,,14274,61658965,89607143
16106,3,56690,02-01-2024 23:25:03,,54897,618726045,675089256
18192,3,56125,03-01-2024 11:43:46,,10574,32692132,32990946
16965,3,93212,03-01-2024 04:30:06,,36594,33655496,47104017
18627,3,43386,03-01-2024 14:20:05,,1195,20252745,27072688
18589,3,55473,03-01-2024 14:10:32,,1768,44897226,51549440
17365,3,45796,03-01-2024 06:59:03,,27657,659124472,727657899
16551,3,28235,03-01-2024 02:03:15,,45405,635500101,646827035
17723,3,11957,03-01-2024 08:55:17,,20683,365545382,398330979
18029,3,71787,03-01-2024 10:44:29,,14131,1864211722,5451664568
16521,3,46711,03-01-2024 01:53:56,,45964,1496997360,1784438707
16552,3,88593,03-01-2024 02:02:12,,45468,1874658665,2014167452
18590,3,86565,03-01-2024 14:15:09,,1491,25664810,26875113
16045,3,64438,02-01-2024 23:06:00,,56040,2974917850,3585807216
18099,3,30209,03-01-2024 11:19:21,,12039,617818780,869006886
17781,3,8557,03-01-2024 09:13:12,,19608,112560693,126162298
16046,3,65534,02-01-2024 23:07:53,,55927,3258254887,3313469439
18558,3,64686,03-01-2024 14:01:02,,2338,130165212,168320826
17122,3,92726,03-01-2024 05:23:42,,33378,534220373,672741004
18447,3,99534,03-01-2024 13:27:33,,4347,205992035,212907748
18030,3,97405,03-01-2024 10:49:47,,13813,476856763,585208293
18448,3,33089,03-01-2024 13:21:00,,4740,919481657,2649687808
17312,3,82120,03-01-2024 06:36:15,,29025,1875987800,2089384094
17558,3,53517,03-01-2024 08:04:52,,23708,7230363855,14358357099
16609,3,37058,03-01-2024 02:22:04,,44276,1304189511,1421037033
16816,3,59406,03-01-2024 03:45:29,,39271,1205881721,1554064243
18155,3,29658,03-01-2024 11:37:43,,10937,169488249,219874409
16918,3,23489,03-01-2024 04:18:23,,37297,1522011962,1812814896
16966,3,63971,03-01-2024 04:31:31,,36509,662531127,945897414
17828,3,55095,03-01-2024 09:34:56,,18304,1700150874,2424972638
17514,3,38344,03-01-2024 07:47:04,,24776,3551982416,1980128689
18129,3,96021,03-01-2024 11:21:21,,11919,393015980,458667203
17699,3,35161,03-01-2024 08:42:12,,21468,4049192776,11936185019
16610,3,15979,03-01-2024 02:20:58,,44342,25839121462,20208104424
17142,3,23668,03-01-2024 05:36:40,,32600,1243205419,1371886505
17047,3,84116,03-01-2024 05:02:35,,34645,725764372,848332982
17622,3,60596,03-01-2024 08:23:48,,22572,290655925,405598152
17404,3,82804,03-01-2024 07:03:03,,27417,623303845,793684193
16166,3,75574,02-01-2024 23:45:27,,53673,572012628,781159252
18559,3,96735,03-01-2024 14:08:53,,1867,146748767,200826158
18628,3,39991,03-01-2024 14:20:47,,1153,53814338,54526087
16581,3,60533,03-01-2024 02:10:07,,44993,440169487,641798232
16553,3,43329,03-01-2024 02:04:25,,45335,367248403,482010991
16024,3,77214,02-01-2024 22:52:01,,56879,1550686876,1631822292
17287,3,40169,03-01-2024 06:29:23,,29437,1310726541,1858534710
17700,3,32568,03-01-2024 08:45:51,,21249,1708057433,2427868130
18393,3,35104,03-01-2024 13:04:21,,5739,175020867,244263901
16466,3,94531,03-01-2024 01:32:55,,47225,106800956,108470382
18215,3,71279,03-01-2024 11:52:14,,10066,573601060,736419065
18053,3,16982,03-01-2024 10:56:16,,13424,290989657,292268517
18419,3,23163,03-01-2024 13:19:17,,4843,29016902,39992684
18528,3,68881,03-01-2024 13:54:52,,2708,269862526,401791994
15778,3,21699,02-01-2024 21:19:23,,62437,449126601,512783831
18003,3,64166,03-01-2024 10:34:39,,14721,585621533,662369001
15636,3,54626,02-01-2024 20:20:33,,65967,289665495,362799203
16137,3,56451,02-01-2024 23:36:56,,54184,31118624810,65437385638
17461,3,17197,03-01-2024 07:22:46,,26234,167822704,198014883
18560,3,73734,03-01-2024 14:08:40,,1880,121551891,157780810
17782,3,96145,03-01-2024 09:10:10,,19790,853650780,1219313755
17882,3,20655,03-01-2024 09:51:58,,17282,379412943,538293387
17329,3,75671,03-01-2024 06:45:54,,28446,242744603,266530235
17854,3,25678,03-01-2024 09:43:09,,17811,521688674,664570683
18286,3,44240,03-01-2024 12:23:58,,8162,63423343,87325174
15614,3,41038,02-01-2024 20:10:16,,66584,76520465567,48920976659
17623,3,81460,03-01-2024 08:24:08,,22552,841667595,1261274579
16435,3,96461,03-01-2024 01:26:57,,47583,1276273904,1573253939
17196,3,98949,03-01-2024 05:58:36,,31284,806740142,1067687457
17753,3,14930,03-01-2024 09:09:01,,19859,163575602,172105405
17330,3,96416,03-01-2024 06:48:20,,28300,882789668,895421670
17405,3,17561,03-01-2024 07:03:51,,27369,110966064,131806865
18591,3,12774,03-01-2024 14:18:05,,1315,79632961,81460661
18031,3,81185,03-01-2024 10:43:22,,14198,892560245,946956998
15876,3,22632,02-01-2024 21:57:13,,60167,711899761,948730060
18472,3,80887,03-01-2024 13:39:39,,3621,125504979,130538608
17313,3,62754,03-01-2024 06:36:58,,28982,92134145,119987227
17229,3,98671,03-01-2024 06:03:19,,31001,2259030594,2552542352
18498,3,69939,03-01-2024 13:42:56,,3424,99395096,106754956
18100,3,21980,03-01-2024 11:16:21,,12219,252414247,322476028
18346,3,18946,03-01-2024 12:45:38,,6862,120455323,120780028
17947,3,37459,03-01-2024 10:15:53,,15847,292313048,325645567
18561,3,45099,03-01-2024 14:07:41,,1939,626503189,1326181455
16364,3,96521,03-01-2024 00:55:15,,49485,1954351144,2020987018
17783,3,35373,03-01-2024 09:18:50,,19270,53259169,68718428
17288,3,42054,03-01-2024 06:28:20,,29500,2090968028,2763146290
18629,3,97708,03-01-2024 14:24:08,,952,10486081,11687272
16436,3,96739,03-01-2024 01:26:09,,47631,215730968,301253022
17314,3,58258,03-01-2024 06:39:48,,28812,342372833,473924543
17367,3,14886,03-01-2024 06:58:33,,27687,1227945263,1394038542
16847,3,55808,03-01-2024 03:56:48,,38592,1453486309,1504696661
17175,3,55290,03-01-2024 05:42:42,,32238,1580975034,1806968299
18347,3,25348,03-01-2024 12:43:31,,6989,17328975,25331942
17123,3,72164,03-01-2024 05:21:53,,33487,875335022,908049384
18216,3,36623,03-01-2024 11:53:34,,9986,232134469,259414395
18420,3,11166,03-01-2024 13:12:45,,5235,1794703038,3901962141
18054,3,56847,03-01-2024 10:59:08,,13252,384916829,546011028
18449,3,42577,03-01-2024 13:27:32,,4348,169371060,213476252
18529,3,99965,03-01-2024 13:51:27,,2913,52162700,77459574
17538,3,72588,03-01-2024 07:55:03,,24297,796533382,1068167757
16582,3,16805,03-01-2024 02:19:39,,44421,1258332020,1645557213
16138,3,45681,02-01-2024 23:31:02,,54538,2719769677,3001911130
17331,3,92661,03-01-2024 06:48:46,,28274,251354889,318488408
17883,3,75215,03-01-2024 09:54:23,,17137,275336985,326165409
18450,3,38581,03-01-2024 13:21:41,,4699,63673200,82914001
18156,3,17106,03-01-2024 11:34:59,,11101,2719099704,7063585402
18394,3,93297,03-01-2024 13:03:24,,5796,488447433,489455595
16554,3,55289,03-01-2024 02:00:28,,45572,1988380294,2626729706
16583,3,52847,03-01-2024 02:13:49,,44771,2657874817,3902287362
18101,3,55428,03-01-2024 11:17:19,,12161,183435937,203120406
17124,3,34560,03-01-2024 05:21:38,,33502,1019451674,1122532255
17289,3,95042,03-01-2024 06:23:44,,29776,5261257071,13311653138
17048,3,44317,03-01-2024 05:09:26,,34234,242583375,264560879
18130,3,65894,03-01-2024 11:20:23,,11977,674919340,729776314
17914,3,91636,03-01-2024 10:04:25,,16535,129772475,164440076
17049,3,67868,03-01-2024 05:09:21,,34239,1129795368,1351833671
18032,3,42490,03-01-2024 10:44:37,,14123,5116745782,13213678615
18074,3,65372,03-01-2024 11:00:17,,13183,582523888,627633351
16791,3,19262,03-01-2024 03:39:31,,39629,1457100916,1603033991
16412,3,93859,03-01-2024 01:19:17,,48043,527852713,661840827
17332,3,56960,03-01-2024 06:47:31,,28349,446000604,533987657
16736,3,9474,03-01-2024 03:15:28,,41072,124719215,174747772
17050,3,81397,03-01-2024 05:06:48,,34392,727410112,895303054
18102,3,12201,03-01-2024 11:17:57,,12123,965021608,2389147664
18499,3,51236,03-01-2024 13:47:10,,3170,68420174,80842686
15808,3,26969,02-01-2024 21:29:18,03-01-2024 14:35:31,61573,2347779355,2804858944
17559,3,22071,03-01-2024 08:04:36,,23724,3393950416,7091609903
17315,3,64960,03-01-2024 06:38:12,,28908,897914663,1122406844
17702,3,59515,03-01-2024 08:45:55,,21245,63769746,66758310
18473,3,97272,03-01-2024 13:32:48,,4032,22687051,31488427
16365,3,15866,03-01-2024 00:57:41,,49339,2119408051,2767323700
16468,3,12403,03-01-2024 01:37:01,,46979,63456947,71317388
16437,3,14076,03-01-2024 01:21:25,,47915,16422357562,48962633209
16638,3,9594,03-01-2024 02:33:25,,43595,1176754919,1204012935
17624,3,45741,03-01-2024 08:27:22,,22358,1092016039,1529773259
17703,3,63938,03-01-2024 08:46:29,,21211,520872450,736521460
18217,3,28442,03-01-2024 11:57:02,,9778,14806784,16825303
17515,3,25416,03-01-2024 07:43:21,,24999,1007058758,1050032284
17829,3,83437,03-01-2024 09:32:27,,18453,165336897,187897569
17704,3,97648,03-01-2024 08:45:07,,21293,760342871,1010172247
15946,3,4139,02-01-2024 22:28:44,,58276,630922258,794854733
16737,3,78663,03-01-2024 03:17:10,,40970,2325551038,2946521879
18075,3,39009,03-01-2024 11:06:42,,12798,1511255666,2088077624
16615,3,68209,03-01-2024 02:26:29,,44011,52778314,53769153
18395,3,13851,03-01-2024 13:08:06,,5514,51358971,56537781
18348,3,89052,03-01-2024 12:47:05,,6775,322261126,359483943
18474,3,49584,03-01-2024 13:31:19,,4121,92503317,110896772
17625,3,80377,03-01-2024 08:26:47,,22393,669457382,784537122
16025,3,66760,02-01-2024 22:51:13,,56927,3026831027,3803531037
17626,3,37857,03-01-2024 08:22:03,,22677,1536928068,4549854912
18318,3,10376,03-01-2024 12:34:16,,7544,138926444,184241366
16586,3,26683,03-01-2024 02:15:26,,44674,232020403,269044886
17724,3,10708,03-01-2024 08:52:46,,20834,339905658,480398954
17259,3,85464,03-01-2024 06:16:51,,30189,1502320368,1546068599
18076,3,95076,03-01-2024 11:06:25,,12815,204906441,251433783
18157,3,58070,03-01-2024 11:35:00,,11100,536830509,599975881
18421,3,14583,03-01-2024 13:17:58,,4922,367541950,479880644
18131,3,25352,03-01-2024 11:29:52,,11408,1550529264,1927780142
17539,3,81148,03-01-2024 07:58:17,,24103,604472669,821481081
16793,3,33895,03-01-2024 03:34:48,,39912,698809200,866005212
18422,3,52342,03-01-2024 13:15:16,,5084,14989960,21245188
16298,3,80778,03-01-2024 00:25:53,,51247,534682403,541746735
15564,3,11106,02-01-2024 19:52:23,,67657,654878291,691355474
17462,3,15962,03-01-2024 07:21:05,,26335,3253642631,8240465192
18396,3,30545,03-01-2024 13:03:20,,5800,366758261,375646589
17830,3,99296,03-01-2024 09:36:33,,18207,43560806,60407554
16238,3,99637,03-01-2024 00:06:21,,52419,498809823,660169068
17334,3,66402,03-01-2024 06:40:18,,28782,209483946,282082821
17493,3,76579,03-01-2024 07:36:07,,25433,103604075,154474874
18562,3,66945,03-01-2024 14:03:07,,2213,156983125,187388712
16168,3,91788,02-01-2024 23:46:53,,53587,2435878850,2768088016
16200,3,44217,02-01-2024 23:59:42,,52818,1829286680,2161564735
18158,3,85587,03-01-2024 11:32:17,,11263,35046789,42677695
17260,3,36584,03-01-2024 06:10:41,03-01-2024 14:34:55,30254,2107039278,2973896625
17885,3,72681,03-01-2024 09:55:45,,17055,120557301,132669067
16201,3,87508,02-01-2024 23:58:15,,52905,1606985049,1611970251
18077,3,34593,03-01-2024 11:08:27,,12693,239092316,248600655
17598,3,43136,03-01-2024 08:13:08,,23212,597300050,674181580
18397,3,33352,03-01-2024 13:07:47,,5533,167155127,229742667
17599,3,62816,03-01-2024 08:11:10,,23330,737613286,973414816
17754,3,84823,03-01-2024 09:03:34,,20186,628488737,827478698
16794,3,11327,03-01-2024 03:35:35,,39865,611471509,805451262
17199,3,13632,03-01-2024 05:59:15,,31245,2948648440,4058481993
18630,3,25878,03-01-2024 14:25:24,,876,12375535,13770038
18159,3,22473,03-01-2024 11:35:01,,11099,1093576003,1147259944
18371,3,73996,03-01-2024 12:54:16,,6344,1302814895,2478446621
18500,3,8851,03-01-2024 13:44:38,,3322,15974087,23331970
15754,3,31582,02-01-2024 21:05:32,,63268,3886405367,3966567230
17756,3,78751,03-01-2024 09:02:34,,20246,1397424323,1558792431
18160,3,7451,03-01-2024 11:32:37,,11243,69727387,76422940
16920,3,26711,03-01-2024 04:11:37,,37703,1095198208,1142654334
18287,3,77845,03-01-2024 12:21:20,,8320,60134782,80643642
17291,3,96399,03-01-2024 06:22:12,,29868,1144789647,1333767027
17803,3,12317,03-01-2024 09:25:18,,18882,188760932,203590698
17600,3,62689,03-01-2024 08:12:18,,23262,1595763997,1798847088
17144,3,21889,03-01-2024 05:39:12,,32448,2572452488,3442001474
15722,3,45587,02-01-2024 20:52:27,,64053,86837060,125015318
16002,3,78434,02-01-2024 22:41:47,,57493,1061761781,1301936329
16587,3,59462,03-01-2024 02:19:56,,44404,1036036977,1349538446
18592,3,72673,03-01-2024 14:12:54,,1626,431551923,1151158053
17886,3,49487,03-01-2024 09:57:30,,16950,71680102,98241770
17981,3,42934,03-01-2024 10:25:34,,15266,5049988062,11669792861
16499,3,9120,03-01-2024 01:40:29,,46771,2324842118,2905287569
18423,3,28057,03-01-2024 13:15:20,,5080,432331390,515846088
16885,3,88274,03-01-2024 04:04:16,,38144,563570245,714556100
17177,3,38529,03-01-2024 05:41:48,,32292,1861108578,2123820318
17145,3,88449,03-01-2024 05:37:54,,32526,2563928727,3812106192
17628,3,33660,03-01-2024 08:21:01,,22739,741413269,1015843715
16170,3,51039,02-01-2024 23:45:55,,53645,1153674364,1245170803
17018,3,9779,03-01-2024 04:50:23,,35377,74088452,86538375
16848,3,57734,03-01-2024 03:50:02,,38998,3014647026,1854055864
18451,3,48446,03-01-2024 13:20:33,,4767,98392819,133583134
16886,3,21492,03-01-2024 04:03:35,,38185,234581092,282088416
17982,3,32635,03-01-2024 10:24:46,,15314,44618883,49891583
16470,3,33500,03-01-2024 01:38:15,,46905,712929501,925558085
18132,3,69812,03-01-2024 11:28:13,,11507,217739137,304391486
18055,3,23759,03-01-2024 10:56:56,,13384,3519646530,8024456341
17887,3,58360,03-01-2024 09:52:23,,17257,115629992,156356012
17463,3,14333,03-01-2024 07:23:42,,26178,465837746,494592126
17316,3,76443,03-01-2024 06:32:24,,29256,6872867867,15402133366
17084,3,63884,03-01-2024 05:12:11,,34069,925516520,927032902
17146,3,59122,03-01-2024 05:31:05,,32935,1088391000,1295971348
15860,3,28982,02-01-2024 21:47:58,,60722,1583282219,1621672210
15672,3,28775,02-01-2024 20:33:56,,65164,1641692243,1867443288
17560,3,35602,03-01-2024 08:05:32,,23668,134174674,159861713
16589,3,55734,03-01-2024 02:10:09,,44991,1020660681,1450386397
17785,3,71922,03-01-2024 09:10:52,,19748,73888992,100966292
18319,3,30346,03-01-2024 12:36:26,,7414,2085748082,4088881193
16639,3,52008,03-01-2024 02:32:53,,43627,1219112208,1722338022
18530,3,50661,03-01-2024 13:56:32,,2608,57727196,71339436
18004,3,47248,03-01-2024 10:34:50,,14710,558597929,671226562
18244,3,62711,03-01-2024 12:08:23,,9097,831185102,840777079
15723,3,45273,02-01-2024 20:53:02,,64018,1071516063,1248210931
18652,3,58376,03-01-2024 14:36:50,,190,289301,308223
16239,3,43253,03-01-2024 00:06:32,,52408,18356912434,38020039962
15973,3,79166,02-01-2024 22:35:01,,57899,3443892317,4752284454
18288,3,12474,03-01-2024 12:22:12,,8268,13211065,17258897
18593,3,7866,03-01-2024 14:11:18,,1722,2206648,2736943
17368,3,46792,03-01-2024 06:57:23,,27757,62874187,69009528
18501,3,88834,03-01-2024 13:46:42,,3198,102918312,143590434
16640,3,39537,03-01-2024 02:34:12,,43548,16987645199,31942350614
16714,3,19204,03-01-2024 03:03:38,,41782,1581662538,2289652285
16740,3,25001,03-01-2024 03:13:43,,41177,912161136,1201067715
16991,3,4513,03-01-2024 04:46:15,,35625,347838636,394590088
16818,3,6008,03-01-2024 03:41:29,,39511,2874786648,3623687414
17831,3,97172,03-01-2024 09:37:59,,18121,389461938,540307109
16590,3,25354,03-01-2024 02:11:20,,44920,772855052,937930435
18245,3,19098,03-01-2024 12:00:37,,9563,26903416,29117365
16819,3,65066,03-01-2024 03:45:45,,39255,861691510,1004397855
18218,3,29939,03-01-2024 11:59:18,,9642,81719354,120760792
18219,3,60532,03-01-2024 11:57:10,,9770,2180889749,1761617032
17758,3,56524,03-01-2024 09:04:06,,20154,604736589,689907985
17494,3,40316,03-01-2024 07:36:48,,25392,471329134,561868128
18320,3,89067,03-01-2024 12:32:06,,7674,126620102,162268840
18424,3,29173,03-01-2024 13:13:24,,5196,60961045,87588404
17759,3,13664,03-01-2024 09:03:06,,20214,2162136538,2890020285
17336,3,39684,03-01-2024 06:48:48,,28272,422747989,582447673
17052,3,11052,03-01-2024 05:04:11,,34549,630684210,710775815
18033,3,44535,03-01-2024 10:41:43,,14297,401014008,463214230
16850,3,95737,03-01-2024 03:56:02,,38638,1423769501,2092101907
18078,3,78687,03-01-2024 11:09:54,,12606,1189120528,1296935586
17431,3,40652,03-01-2024 07:12:35,,26845,1211426937,1441472150
17516,3,88199,03-01-2024 07:40:02,,25198,333463668,414118910
17464,3,64847,03-01-2024 07:25:00,,26100,460238219,619117944
17629,3,7861,03-01-2024 08:23:22,,22598,337360505,405316183
15809,3,38645,02-01-2024 21:29:49,,61811,570428716,753959870
18103,3,60054,03-01-2024 11:15:15,,12285,353817291,492967421
18321,3,88805,03-01-2024 12:38:31,,7289,16814145,17474668
16851,3,57261,03-01-2024 03:52:15,,38865,124524589,175375815
18653,3,62882,03-01-2024 14:33:45,,375,1762215,2411476
17666,3,67380,03-01-2024 08:38:57,,21663,776744527,1143375332
17292,3,38952,03-01-2024 06:29:41,,29419,2047816294,4096534181
17261,3,9436,03-01-2024 06:17:09,,30171,2139404312,6112446287
17760,3,90207,03-01-2024 09:03:55,,20165,2315411609,2351444070
18631,3,87108,03-01-2024 14:28:51,,669,11806618,12026749
18531,3,35267,03-01-2024 13:53:07,,2813,3224476,4753009
17432,3,6462,03-01-2024 07:17:50,,26530,6315969168,15019000283
18289,3,94552,03-01-2024 12:21:07,,8333,478679846,1184689643
18425,3,57859,03-01-2024 13:18:55,,4865,69589093,87870646
16347,3,83467,03-01-2024 00:47:21,,49959,89148835,92645282
18194,3,88056,03-01-2024 11:41:34,,10706,2477690034,7148276034
16715,3,20771,03-01-2024 03:06:13,,41627,250534203,361621183
17917,3,58660,03-01-2024 10:05:33,,16467,263456782,286552220
18452,3,59974,03-01-2024 13:20:00,,4800,165969084,173460153
17125,3,15464,03-01-2024 05:25:32,,33268,10381189546,25003906041
17856,3,81048,03-01-2024 09:45:00,,17700,93778743,95443259
17317,3,30295,03-01-2024 06:30:12,,29388,2224799178,3115413616
18426,3,26566,03-01-2024 13:18:21,,4899,154883904,169076612
17085,3,63436,03-01-2024 05:10:20,,34180,389729301,565194541
18290,3,44607,03-01-2024 12:25:01,,8099,86577566,99882251
17147,3,42219,03-01-2024 05:32:24,,32856,27331213,32671086
18161,3,49144,03-01-2024 11:32:47,,11233,703458060,935488358
18271,3,36232,03-01-2024 12:17:02,,8578,64103633,70170943
17832,3,12394,03-01-2024 09:30:08,,18592,8638208243,17990697026
17021,3,81903,03-01-2024 04:51:34,,35306,504843063,736679998
18056,3,60048,03-01-2024 10:51:30,,13710,3460165870,9524174497
17086,3,62115,03-01-2024 05:16:20,,33820,520389236,616365621
16557,3,31274,03-01-2024 02:03:44,,45376,383638955,545767085
17022,3,52443,03-01-2024 04:58:51,,34869,445855922,552635549
18272,3,8489,03-01-2024 12:18:15,,8505,149710775,161365512
18079,3,80294,03-01-2024 11:02:52,,13028,363959823,441138175
18563,3,99918,03-01-2024 14:06:38,,2002,70959094,72355624
17338,3,63926,03-01-2024 06:41:12,,28728,505872597,531814837
18349,3,21100,03-01-2024 12:43:02,,7018,43959035,60193718
17761,3,21140,03-01-2024 09:02:20,,20260,574805224,744703422
17788,3,64756,03-01-2024 09:11:27,,19713,649694322,719491329
16139,3,64695,02-01-2024 23:31:04,,54536,2497289129,3172115785
17406,3,84150,03-01-2024 07:06:27,,27213,937818675,1101902085
17370,3,90571,03-01-2024 06:59:10,,27650,542268150,644824289
18080,3,27464,03-01-2024 11:01:18,,13122,502046169,511719582
16852,3,20139,03-01-2024 03:52:27,,38853,502363334,548665550
18564,3,9323,03-01-2024 14:05:15,,2085,16399988,19147241
17834,3,83748,03-01-2024 09:38:52,,18068,431291737,486882482
18532,3,61284,03-01-2024 13:55:49,,2651,77553885,110875726
17705,3,91574,03-01-2024 08:45:02,,21298,740957943,884774636
17561,3,13140,03-01-2024 08:08:57,,23463,1015275541,1451988181
17632,3,51870,03-01-2024 08:27:50,,22330,113351731,148560136
17087,3,18738,03-01-2024 05:15:27,,33873,884068982,916106427
17201,3,88734,03-01-2024 05:57:55,,31325,1558771126,1787436141
18350,3,50588,03-01-2024 12:44:09,,6951,98131256,139452203
16820,3,21377,03-01-2024 03:44:09,,39351,1062325220,1353273712
17202,3,85969,03-01-2024 05:59:31,,31229,3726434557,4251435545
18372,3,24377,03-01-2024 12:55:57,,6243,348830678,866490915
18373,3,13368,03-01-2024 12:53:25,,6395,174592841,250397808
17232,3,57302,03-01-2024 06:02:08,03-01-2024 14:37:33,30925,458721741,680024557
18654,3,57302,03-01-2024 14:39:06,,54,1098225,1505940
16140,3,13675,02-01-2024 23:37:33,,54147,150873076,198502048
16821,3,27698,03-01-2024 03:44:50,,39310,489003493,649647024
16742,3,42304,03-01-2024 03:15:23,,41077,3269259404,4427997234
17562,3,10670,03-01-2024 08:02:24,,23856,451011669,495079836
17371,3,28634,03-01-2024 06:57:10,,27770,2247640766,1462404741
16471,3,69900,03-01-2024 01:33:08,,47212,1289804081,1408343313
15926,3,65682,02-01-2024 22:15:35,,59065,652534726,852836606
16172,3,58772,02-01-2024 23:47:51,,53529,56077525,63265179
17602,3,66469,03-01-2024 08:13:58,,23162,442132110,500571775
17023,3,50959,03-01-2024 04:55:41,,35059,3046561052,7776505037
16369,3,57022,03-01-2024 00:55:16,,49484,2292189744,3010336865
18655,3,11990,03-01-2024 14:38:50,,70,2297267,2878996
18533,3,52860,03-01-2024 13:55:37,,2663,384539469,1037897609
17126,3,82730,03-01-2024 05:23:47,,33373,206899535,278657713
17203,3,58099,03-01-2024 05:50:49,,31751,129305380,146673949
17088,3,48031,03-01-2024 05:11:22,,34118,566241429,744105455
16141,3,51520,02-01-2024 23:36:27,,54213,3042393074,2357437233
17233,3,5951,03-01-2024 06:02:03,,31077,1264703945,1443330415
18534,3,86860,03-01-2024 13:52:53,,2827,32287652,33909207
17372,3,69041,03-01-2024 06:51:23,,28117,322797609,440039979
18594,3,65216,03-01-2024 14:11:06,,1734,101491160,114852420
17918,3,90306,03-01-2024 10:05:42,,16458,52484306,76810383
18535,3,77879,03-01-2024 13:50:51,,2949,175754410,245140690
16853,3,33941,03-01-2024 03:57:38,,38542,1076407668,1575579770
17888,3,47766,03-01-2024 09:56:25,,17015,469641907,496403028
16113,3,62342,02-01-2024 23:26:22,,54818,1967540225,2485041780
17263,3,80959,03-01-2024 06:18:12,,30108,1536973821,1545953176
17055,3,29017,03-01-2024 05:07:05,,34375,728114831,978499514
18081,3,47070,03-01-2024 11:01:05,,13135,243542667,243608159
18246,3,62284,03-01-2024 12:06:51,,9189,442533589,553793847
18475,3,90280,03-01-2024 13:32:28,,4052,21727717,28460379
18453,3,76544,03-01-2024 13:21:01,,4739,211858011,226668787
16301,3,83816,03-01-2024 00:22:22,,51458,1661919648,2349681126
17234,3,75899,03-01-2024 06:03:03,,31017,13579866493,26771673512
17056,3,96942,03-01-2024 05:05:12,,34488,541031563,572324329
18322,3,68052,03-01-2024 12:31:50,,7690,1779855952,4226859662
18476,3,60649,03-01-2024 13:39:35,,3625,273228608,371315509
17949,3,83186,03-01-2024 10:10:11,,16189,88927151,107070203
17726,3,39628,03-01-2024 08:54:39,,20721,652437120,744345083
18595,3,56046,03-01-2024 14:16:29,,1411,68641103,80711484
18398,3,46562,03-01-2024 13:05:47,,5653,206305356,212753219
16558,3,69489,03-01-2024 02:08:23,,45097,684667995,795676416
17264,3,69850,03-01-2024 06:19:13,,30047,597216800,625018264
16415,3,61317,03-01-2024 01:14:53,,48307,1585505489,1894418420
17541,3,24253,03-01-2024 07:58:34,,24086,600088717,754508855
16202,3,98579,02-01-2024 23:50:07,,53393,216612624,321835880
17789,3,57423,03-01-2024 09:18:15,,19305,1519489714,1539984192
17889,3,26358,03-01-2024 09:53:28,,17192,131381005,72475411
17857,3,91214,03-01-2024 09:47:57,,17523,543869662,812739219
15833,3,64085,02-01-2024 21:34:39,,61521,471065342,691339275
16348,3,49452,03-01-2024 00:40:49,,50351,2172192058,2234567429
16921,3,67873,03-01-2024 04:10:17,,37783,700283835,713090117
18399,3,72427,03-01-2024 13:08:39,,5481,1209429018,2604939602
18323,3,5133,03-01-2024 12:36:22,,7418,70449843,80401918
17089,3,12504,03-01-2024 05:17:22,,33758,1278143611,1879398092
18596,3,66305,03-01-2024 14:11:17,,1723,76203686,95912843
18291,3,43550,03-01-2024 12:20:21,,8379,357526935,398601624
17057,3,59443,03-01-2024 05:00:36,,34764,92925010,128467877
17762,3,57031,03-01-2024 09:07:16,,19964,1228727186,1492165562
17835,3,19132,03-01-2024 09:31:29,,18511,681813611,888226447
17466,3,83989,03-01-2024 07:20:20,,26380,320668126,479932919
17128,3,46556,03-01-2024 05:25:38,,33262,309851503,421543466
16241,3,72217,03-01-2024 00:00:01,,52799,4744949111,10732303229
17727,3,31886,03-01-2024 08:58:17,,20503,1274305655,1455254997
18597,3,99289,03-01-2024 14:12:00,,1680,44530750,55957756
16717,3,24069,03-01-2024 03:06:01,,41639,795153201,1140319184
17919,3,16524,03-01-2024 10:00:18,,16782,54572051,65892517
17633,3,30950,03-01-2024 08:29:59,,22201,928196338,1030660101
16474,3,7360,03-01-2024 01:36:09,,47031,1916451279,2207061265
16693,3,25526,03-01-2024 02:52:25,,42455,390702358,509688277
17294,3,75427,03-01-2024 06:25:45,,29655,61623949,88625589
18598,3,71464,03-01-2024 14:14:53,,1507,72556296,91118174
18006,3,58402,03-01-2024 10:39:27,,14433,71481043,82358902
18565,3,79001,03-01-2024 14:08:03,,1917,100525211,134757275
18427,3,93515,03-01-2024 13:10:14,,5386,1011156166,1935883494
17984,3,85234,03-01-2024 10:21:15,,15525,67442294,85573231
17129,3,64006,03-01-2024 05:20:13,,33587,1127020567,1252789180
17542,3,34505,03-01-2024 07:53:44,,24376,2517358115,7284214080
17763,3,17725,03-01-2024 09:05:27,,20073,261291812,261903173
16395,3,65226,03-01-2024 01:09:48,,48612,25156769838,61576681646
17563,3,19109,03-01-2024 08:08:54,,23466,408548284,413462214
17985,3,13286,03-01-2024 10:28:04,,15116,117138908,156922186
17668,3,26564,03-01-2024 08:31:36,,22104,210480661,218536906
15905,3,12553,02-01-2024 22:07:07,,59573,3479761143,4958644079
17669,3,70902,03-01-2024 08:39:42,,21618,1207259737,1773743844
18104,3,8583,03-01-2024 11:17:24,,12156,932450036,998246137
18374,3,79845,03-01-2024 12:52:00,,6480,134300380,154373747
17407,3,53732,03-01-2024 07:05:33,,27267,543490460,585306657
18164,3,63972,03-01-2024 11:34:44,,11116,341690629,405375931
17517,3,14329,03-01-2024 07:46:07,,24833,781629076,1041021663
17836,3,32360,03-01-2024 09:38:40,,18080,21403902,22814497
16694,3,36228,03-01-2024 02:55:13,,42287,335600800,482769558
18599,3,12103,03-01-2024 14:14:06,,1554,93115080,109822093
15975,3,7853,02-01-2024 22:31:29,,58111,251929353,289188616
15811,3,83354,02-01-2024 21:20:20,,62380,227909121,280830010
17179,3,20798,03-01-2024 05:49:44,,31816,1194460797,1776097733
17950,3,40297,03-01-2024 10:13:57,,15963,665287623,806059210
16854,3,72352,03-01-2024 03:50:43,,38957,2157196563,2502819643
18165,3,91778,03-01-2024 11:36:18,,11022,123424932,137287354
18477,3,90657,03-01-2024 13:33:32,,3988,249895266,501787456
17318,3,29979,03-01-2024 06:36:53,,28987,116159582,125417947
17728,3,36792,03-01-2024 08:55:07,,20693,3701833611,8907245968
16475,3,69465,03-01-2024 01:35:13,,47087,1560657683,1597240977
17434,3,32175,03-01-2024 07:16:11,,26629,691899902,754621552
18632,3,60372,03-01-2024 14:29:58,,602,13187620,19070390
16203,3,34491,02-01-2024 23:55:38,,53062,386906797,501950915
18195,3,87551,03-01-2024 11:48:59,,10261,442834583,507781415
16349,3,46429,03-01-2024 00:48:16,,49904,673503783,930415919
16302,3,62439,03-01-2024 00:22:05,,51475,2294688939,2747003371
16945,3,93425,03-01-2024 04:25:36,,36864,1235417036,1406693006
17837,3,49137,03-01-2024 09:39:55,,18005,552084261,764440358
18034,3,56156,03-01-2024 10:49:44,,13816,71226645,86011469
17951,3,16411,03-01-2024 10:12:54,,16026,6298869667,13635373178
17565,3,79483,03-01-2024 08:01:10,,23930,21868159701,13904540348
17764,3,16352,03-01-2024 09:05:19,,20081,1085476998,1218214676
17235,3,14497,03-01-2024 06:07:26,,30754,3311629093,4417511288
16822,3,28989,03-01-2024 03:40:08,,39592,173778197,177708203
17729,3,63096,03-01-2024 08:53:00,,20820,1974354139,2499875577
17636,3,30258,03-01-2024 08:21:29,,22711,333125219,385541226
17543,3,86515,03-01-2024 07:56:12,,24228,135701661,159571191
18566,3,75382,03-01-2024 14:03:09,,2211,65229662,97008542
18273,3,86411,03-01-2024 12:11:40,,8900,93341486,98204003
17566,3,39709,03-01-2024 08:09:51,,23409,681320458,690397309
18083,3,49361,03-01-2024 11:08:17,,12703,1183469538,1195430640
17408,3,40969,03-01-2024 07:03:24,,27396,67273595,86521043
17467,3,80617,03-01-2024 07:22:37,,26243,190697452,247251012
17838,3,23212,03-01-2024 09:37:41,,18139,435655672,471799000
16823,3,42983,03-01-2024 03:49:52,,39008,1925417638,2601834213
16245,3,61689,03-01-2024 00:07:30,,52350,3249340673,4019947840
17266,3,74969,03-01-2024 06:17:23,,30157,1737243995,1882459091
17706,3,49837,03-01-2024 08:49:40,,21020,606211852,699466174
18247,3,35333,03-01-2024 12:06:45,,9195,7462965,7628861
17986,3,87971,03-01-2024 10:29:05,,15055,2373842656,5322939922
18292,3,29099,03-01-2024 12:29:40,,7820,50397931,56668804
18324,3,39177,03-01-2024 12:34:43,,7517,1270867662,3123102546
18248,3,60560,03-01-2024 12:07:49,,9131,28262009,42324478
18478,3,36561,03-01-2024 13:36:52,,3788,177545231,206953007
17519,3,22039,03-01-2024 07:40:54,,25146,94730893,114054262
16084,3,41147,02-01-2024 23:18:57,,55263,8230597883,19442395974
18007,3,98175,03-01-2024 10:33:59,,14761,156277239,179532580
17730,3,32687,03-01-2024 08:52:34,,20846,1367816290,810805235
18166,3,50779,03-01-2024 11:32:30,,11250,742485337,1616460227
18656,3,71359,03-01-2024 14:34:59,,301,7238646,9303979
17468,3,58289,03-01-2024 07:28:53,,25867,366299443,373128384
16643,3,9518,03-01-2024 02:34:14,,43546,1361183654,1891370461
18008,3,80815,03-01-2024 10:32:45,03-01-2024 14:39:55,14830,395340198,565807512
17670,3,33361,03-01-2024 08:34:18,,21942,1135804823,1456656626
18222,3,77699,03-01-2024 11:58:23,,9697,70509938,96811321
16441,3,58991,03-01-2024 01:24:57,,47703,2594279878,3712505226
18274,3,67899,03-01-2024 12:12:24,,8856,84483528,122215153
16644,3,33803,03-01-2024 02:34:49,,43511,11751496956,23838541908
17952,3,13638,03-01-2024 10:17:20,,15760,431087717,574737265
18454,3,57780,03-01-2024 13:23:15,,4605,72477905,89214400
17765,3,68655,03-01-2024 09:01:31,,20309,1109771583,1460115937
18275,3,22585,03-01-2024 12:11:53,,8887,90733087,120102980
18035,3,62431,03-01-2024 10:46:29,,14011,4111421779,7932273860
18351,3,86825,03-01-2024 12:40:24,,7176,132371877,148058949
16744,3,63268,03-01-2024 03:10:03,,41397,1637844250,2370480127
18567,3,37667,03-01-2024 14:09:10,,1850,28272748,29644304
17671,3,45118,03-01-2024 08:32:23,,22057,871332648,1036472862
16889,3,56864,03-01-2024 04:09:30,,37830,1449768923,1650091387
16695,3,65880,03-01-2024 02:57:10,,42170,1654363376,1817922650
18134,3,93684,03-01-2024 11:25:12,,11688,220500506,311335811
18249,3,73594,03-01-2024 12:06:31,,9209,95834082,100268068
17375,3,71453,03-01-2024 06:53:27,,27993,81647422,111451723
17470,3,94718,03-01-2024 07:20:45,,26355,1841385840,2656010075
18196,3,25523,03-01-2024 11:40:01,,10799,90066037,103470783
16645,3,3817,03-01-2024 02:31:13,,43727,801543427,1172658552
18600,3,65018,03-01-2024 14:11:20,,1720,5894647,6086077
17409,3,25628,03-01-2024 07:03:27,,27393,767699057,893887718
18293,3,36707,03-01-2024 12:20:56,,8344,72941695,87915124
18479,3,28721,03-01-2024 13:36:44,,3796,441237452,464220212
18352,3,25654,03-01-2024 12:41:40,,7100,202197903,296048042
18250,3,93668,03-01-2024 12:05:06,,9294,314363529,374296673
16054,3,63162,02-01-2024 23:05:02,,56098,15479810705,30195404382
17804,3,8803,03-01-2024 09:21:38,,19102,101116107,107425555
18568,3,11405,03-01-2024 14:08:40,,1880,18406677,22413389
17267,3,84122,03-01-2024 06:14:26,,30334,270294649,359673093
15786,3,82187,02-01-2024 21:14:48,,62712,272894493,361505540
17091,3,48362,03-01-2024 05:13:10,,34010,296544760,406544141
17471,3,37580,03-01-2024 07:25:23,,26077,637756967,779671871
18009,3,35644,03-01-2024 10:37:02,,14578,463480241,627517853
18428,3,95793,03-01-2024 13:13:28,,5192,269983227,298192329
18633,3,47844,03-01-2024 14:25:55,,845,315438410,669884126
18657,3,13466,03-01-2024 14:37:06,,174,1625497,1954707
18569,3,30825,03-01-2024 14:02:41,,2239,150055596,154571189
17766,3,96628,03-01-2024 09:09:21,,19839,653786829,685594910
18429,3,99802,03-01-2024 13:17:33,,4947,35186450,50465329
16646,3,7212,03-01-2024 02:36:48,,43392,8405670341,23578249342
18198,3,13775,03-01-2024 11:48:34,,10286,383448234,557562383
17296,3,45946,03-01-2024 06:22:31,,29849,1042019087,1108774711
18084,3,78697,03-01-2024 11:07:32,,12748,681502012,696366313
17150,3,66437,03-01-2024 05:31:19,,32921,653228407,917473597
18375,3,95200,03-01-2024 12:54:00,,6360,23476513,26805380
16922,3,17727,03-01-2024 04:11:59,,37681,1379895454,1757502187
17472,3,23268,03-01-2024 07:24:45,,26115,763457028,1138370460
17297,3,49036,03-01-2024 06:20:19,,29981,1514684864,1703702372
16825,3,36179,03-01-2024 03:49:33,,39027,369753700,381341704
18536,3,77107,03-01-2024 13:53:09,,2811,733811826,1801036386
16528,3,4012,03-01-2024 01:55:20,,45880,558981290,835749452
17987,3,44362,03-01-2024 10:25:15,,15285,185745622,187761042
18105,3,9456,03-01-2024 11:14:16,,12344,1012321220,1140557093
18036,3,98119,03-01-2024 10:40:59,,14341,348820389,434277553
18325,3,63379,03-01-2024 12:34:06,,7554,84791359,123516389
18400,3,91050,03-01-2024 13:06:32,,5608,2412053424,5976889863
18353,3,71613,03-01-2024 12:45:41,,6859,58112998,64369138
17767,3,94255,03-01-2024 09:03:44,,20176,1425454670,1808790139
16946,3,56908,03-01-2024 04:29:24,,36636,9030523575,19272530956
18223,3,70738,03-01-2024 11:54:28,,9932,215643067,287030614
18251,3,55388,03-01-2024 12:09:10,,9050,138732716,154882186
16747,3,24052,03-01-2024 03:14:37,,41123,2249135006,2369137498
18167,3,97843,03-01-2024 11:38:58,,10862,68196172,71766855
16396,3,6617,03-01-2024 01:03:37,,48983,1444860609,2099198002
18199,3,5477,03-01-2024 11:43:44,,10576,166028113,224014152
18601,3,92011,03-01-2024 14:12:20,,1660,13260760,18137996
18602,3,64699,03-01-2024 14:18:14,,1306,4061693,4548392
17672,3,60242,03-01-2024 08:34:35,,21925,421364113,562975133
17151,3,34759,03-01-2024 05:39:52,,32408,274825888,374586518
16856,3,47725,03-01-2024 03:55:53,,38647,10028923615,21212933621
17790,3,68188,03-01-2024 09:16:53,,19387,612930482,866980020
18037,3,99087,03-01-2024 10:44:31,,14129,550570703,661722060
16857,3,22636,03-01-2024 03:54:36,,38724,1006229140,1456204024
18401,3,96960,03-01-2024 13:02:47,,5833,104478730,125176386
16993,3,95050,03-01-2024 04:41:54,,35886,22746884,26783178
16619,3,77648,03-01-2024 02:24:18,,44142,628081504,780752574
17732,3,59305,03-01-2024 08:56:23,,20617,4548823848,13439382255
18430,3,72082,03-01-2024 13:17:41,,4939,44985655,63535768
16994,3,77671,03-01-2024 04:49:44,,35416,1367538644,1998041231
18402,3,52511,03-01-2024 13:02:32,,5848,117891371,133386071
17890,3,43810,03-01-2024 09:56:31,,17009,64205983,77714451
17180,3,62805,03-01-2024 05:47:24,,31956,347613162,448358507
18570,3,5484,03-01-2024 14:01:26,,2314,78451613,79986674
17025,3,53010,03-01-2024 04:55:09,,35091,469137839,577486616
