IdSession,IdPSX,IdSubscriber,StartSession,EndSession,Duartion,UpTx,DownTx
26336,5,89840,03-01-2024 15:46:33,,27807,40942725,51420001
25459,5,25360,03-01-2024 09:33:18,,50202,838259153,1003612878
27113,5,11338,03-01-2024 21:13:42,,8178,30960101,35407552
26535,5,93340,03-01-2024 17:15:14,,22486,4297305011,12205451642
26865,5,45193,03-01-2024 19:32:00,,14280,4607209583,9039582705
25593,5,34159,03-01-2024 10:35:22,,46478,3886527271,5532785285
26739,5,37706,03-01-2024 18:42:08,,17272,314376105,378815528
26424,5,95300,03-01-2024 16:24:02,,25558,961151611,1046528333
26941,5,61752,03-01-2024 20:08:31,,12089,226766720,240579275
25971,5,54457,03-01-2024 13:19:08,,36652,4427047042,5268083443
25758,5,21644,03-01-2024 11:47:26,,42154,1124038403,1644329335
27016,5,73213,03-01-2024 20:33:14,,10606,287419732,354674889
26311,5,50281,03-01-2024 15:37:04,,28376,485598508,590188900
25990,5,91110,03-01-2024 13:29:48,03-01-2024 23:28:47,35939,1594580302,2179438847
27434,5,91110,03-01-2024 23:29:20,,40,2225727,2569459
25792,5,28338,03-01-2024 12:08:50,,40870,271090592,280759073
26234,5,9765,03-01-2024 15:03:31,,30389,724666813,747825895
26099,5,61101,03-01-2024 14:01:37,,34103,452638430,480550890
27212,5,85698,03-01-2024 21:57:08,,5572,24219368,31232533
27186,5,44658,03-01-2024 21:49:28,,6032,666084408,1716887213
25837,5,68133,03-01-2024 12:29:15,,39645,455416420,549580290
27017,5,16714,03-01-2024 20:36:31,,10409,162250688,165945196
26715,5,95752,03-01-2024 18:35:24,,17676,2505301340,2758159153
26695,5,27552,03-01-2024 18:21:18,,18522,609838565,737962267
24845,5,44903,03-01-2024 05:27:28,,64952,22052144284,56203080857
25889,5,22021,03-01-2024 12:47:33,,38547,903425486,1019515433
26992,5,55414,03-01-2024 20:28:02,,10918,3984354742,10509641689
26536,5,38438,03-01-2024 17:18:37,,22283,1245213787,1262029337
26312,5,18395,03-01-2024 15:34:45,,28515,251148776,281954945
27325,5,37940,03-01-2024 22:48:34,,2486,106076034,128737789
27213,5,78014,03-01-2024 21:58:47,,5473,234141964,300321785
27164,5,3947,03-01-2024 21:39:32,,6628,50003845,56233225
26206,5,94027,03-01-2024 14:54:17,,30943,38068899,38803976
27274,5,88187,03-01-2024 22:22:06,,4074,24397489,28994381
27187,5,56086,03-01-2024 21:42:27,,6453,360516375,524791988
25890,5,35855,03-01-2024 12:41:02,,38938,186126533,268177670
25323,5,26937,03-01-2024 08:39:56,,53404,1241033301,1363355362
26866,5,68526,03-01-2024 19:37:10,,13970,227211748,329576603
26145,5,65074,03-01-2024 14:20:41,03-01-2024 23:24:46,32645,315841250,345242191
26504,5,61858,03-01-2024 17:03:40,,23180,174233973,230729615
26146,5,78674,03-01-2024 14:26:54,,32586,143905348,165793613
26289,5,67088,03-01-2024 15:28:09,,28911,1065091978,1216765100
25594,5,93908,03-01-2024 10:38:45,,46275,2289260233,2329184097
26647,5,83490,03-01-2024 18:01:07,,19733,419653117,517607745
26844,5,27197,03-01-2024 19:20:22,,14978,48896932,70333714
26696,5,60871,03-01-2024 18:27:39,,18141,1249465753,1465565075
25638,5,92102,03-01-2024 10:59:37,,45023,1419787038,1990905395
27094,5,81070,03-01-2024 21:00:29,,8971,591275091,657088440
26902,5,88594,03-01-2024 19:50:34,,13166,164383152,182774538
25838,5,69608,03-01-2024 12:21:08,,40132,616348204,637146577
26449,5,36218,03-01-2024 16:36:20,,24820,307843397,323404176
25916,5,65513,03-01-2024 12:53:10,,38210,3218521184,3869781776
26561,5,67911,03-01-2024 17:23:12,,22008,664601676,675143431
26788,5,39428,03-01-2024 19:07:18,,15762,641830698,729953090
26993,5,9566,03-01-2024 20:23:13,,11207,463878342,505979927
24865,5,24774,03-01-2024 05:30:11,,64789,1011873912,1038130749
27435,5,92464,03-01-2024 23:25:15,,285,22091245,29844390
26377,5,55737,03-01-2024 16:04:51,,26709,2337785718,2493953299
25523,5,29550,03-01-2024 10:01:16,,48524,854256541,1272040135
27436,5,58856,03-01-2024 23:26:16,,224,82262702,183886425
26102,5,8046,03-01-2024 14:03:00,,34020,1565846050,1655777877
25946,5,88139,03-01-2024 13:07:24,,37356,216282683,310066455
27114,5,7032,03-01-2024 21:12:25,,8255,601069779,882435586
26182,5,83345,03-01-2024 14:40:54,,31746,236885539,253343128
26042,5,71739,03-01-2024 13:45:38,,35062,91964240,122616478
25992,5,62904,03-01-2024 13:24:23,,36337,2407269606,2930896425
25972,5,20236,03-01-2024 13:17:51,,36729,1354257722,1375423700
27214,5,17970,03-01-2024 21:51:05,,5935,36664685,45289581
26425,5,54467,03-01-2024 16:22:41,,25639,195820837,239141546
27215,5,89745,03-01-2024 21:50:23,,5977,15729626,20971201
27138,5,34294,03-01-2024 21:25:32,,7468,291128610,430083637
26789,5,93820,03-01-2024 19:06:09,,15831,1793501430,5233987890
26208,5,71008,03-01-2024 14:52:26,,31054,448530209,652054688
26378,5,52095,03-01-2024 16:09:45,,26415,7462549754,14387238461
25279,5,44288,03-01-2024 08:17:51,,54729,2339669297,2671617595
26081,5,64097,03-01-2024 13:51:15,,34725,1585650327,2142593427
26969,5,93757,03-01-2024 20:15:58,,11642,97260970,135772493
26235,5,5302,03-01-2024 15:09:53,,30007,1220724331,1270743079
26790,5,17027,03-01-2024 19:05:13,,15887,4301828913,11688351829
27300,5,57951,03-01-2024 22:31:49,,3491,91501673,106816697
26943,5,77780,03-01-2024 20:07:44,,12136,551556420,679494457
25947,5,99957,03-01-2024 13:01:32,,37708,390133100,557686049
26903,5,89862,03-01-2024 19:57:06,,12774,285381530,391128137
27115,5,64742,03-01-2024 21:11:48,03-01-2024 23:25:54,8046,124214937,154580130
27437,5,64742,03-01-2024 23:26:31,,209,3779522,5388716
25210,5,65607,03-01-2024 07:40:15,,56985,1234002406,1337215810
26648,5,89219,03-01-2024 18:03:35,,19585,237138479,247831353
26236,5,26601,03-01-2024 15:09:13,,30047,1696093115,5019516353
26340,5,12525,03-01-2024 15:46:18,,27822,869728700,1301206819
25860,5,45655,03-01-2024 12:31:41,,39499,6615455559,14521710514
27095,5,51191,03-01-2024 21:07:35,,8545,887235425,1251671466
26970,5,72095,03-01-2024 20:10:11,,11989,229950666,276795475
27275,5,15431,03-01-2024 22:22:45,,4035,62514691,66992673
26971,5,62900,03-01-2024 20:10:50,,11950,6211768485,12297423556
25568,5,79762,03-01-2024 10:27:10,,46970,1455209626,1845989742
26740,5,71058,03-01-2024 18:47:46,,16934,207140483,269009376
26741,5,5529,03-01-2024 18:40:58,,17342,1048307714,1474793777
25734,5,78773,03-01-2024 11:38:45,,42675,93876392,102651219
25211,5,8859,03-01-2024 07:41:41,,56899,690925229,711394725
27188,5,35249,03-01-2024 21:49:50,,6010,51791970,68892429
25891,5,99650,03-01-2024 12:40:56,,38944,413684259,432027791
27216,5,91221,03-01-2024 21:54:09,,5751,399212548,1011860638
24867,5,95705,03-01-2024 05:36:07,,64433,828858439,887321755
25443,5,9218,03-01-2024 09:27:50,,50530,678175267,686340457
26486,5,89355,03-01-2024 16:52:41,,23839,298392041,438761617
25817,5,20490,03-01-2024 12:15:18,,40482,284721482,402321571
26791,5,95864,03-01-2024 19:08:03,,15717,182636780,198473979
25861,5,76630,03-01-2024 12:37:27,,39153,234400640,237220198
25150,5,77738,03-01-2024 07:27:15,,57765,109057659,114194433
25640,5,63457,03-01-2024 10:52:31,,45449,2053801042,2695316216
27217,5,85341,03-01-2024 21:51:33,,5907,35264116,42566090
26881,5,33663,03-01-2024 19:40:30,,13770,72169127,100092044
25596,5,76564,03-01-2024 10:32:46,,46634,1091248563,1422882970
25212,5,59388,03-01-2024 07:42:41,,56839,2212271252,3122833424
27350,5,76989,03-01-2024 22:55:18,,2082,61975452,62081125
26882,5,25209,03-01-2024 19:49:26,,13234,450282059,454885001
25892,5,11821,03-01-2024 12:42:24,,38856,788364124,967633285
27253,5,79996,03-01-2024 22:15:12,,4488,27677424,32388061
25735,5,65206,03-01-2024 11:31:09,,43131,1609379496,1785590788
26314,5,61313,03-01-2024 15:37:14,,28366,3012015271,3529352974
25917,5,7494,03-01-2024 12:54:24,,38136,12114994324,32323378220
27438,5,40676,03-01-2024 23:28:22,,98,2944402,3429849
26819,5,46415,03-01-2024 19:16:56,,15184,422995121,609626716
26845,5,82827,03-01-2024 19:22:48,,14832,61384981,79422991
26210,5,13908,03-01-2024 14:54:10,,30950,19421326,22461956
25325,5,27979,03-01-2024 08:33:02,,53818,370387155,419186330
27096,5,89852,03-01-2024 21:04:35,,8725,347805467,450014673
26972,5,33097,03-01-2024 20:15:18,,11682,1259676176,1742740220
25377,5,72300,03-01-2024 08:53:09,,52611,731389007,1038860001
25863,5,87566,03-01-2024 12:37:31,,39149,685437380,804306219
26944,5,99404,03-01-2024 20:04:49,,12311,676017117,1000919463
27326,5,21838,03-01-2024 22:40:11,,2989,136776287,152535688
25307,5,38670,03-01-2024 08:20:08,,54592,840875153,1203144795
26014,5,91621,03-01-2024 13:35:06,,35694,752990886,841933644
27254,5,76760,03-01-2024 22:17:22,,4358,86892568,93745417
26015,5,71395,03-01-2024 13:33:14,,35806,131547122,172590680
26016,5,25015,03-01-2024 13:34:06,,35754,1997841518,2845642777
26357,5,46735,03-01-2024 15:50:58,,27542,842982069,848718198
26629,5,76594,03-01-2024 17:54:35,,20125,504731123,519411275
26820,5,32719,03-01-2024 19:11:41,,15499,319148599,357586800
26017,5,50935,03-01-2024 13:34:04,,35756,3135176498,4091236272
25760,5,76468,03-01-2024 11:48:38,,42082,627367436,740757053
25710,5,84066,03-01-2024 11:20:18,,43782,513702183,588433997
27276,5,58739,03-01-2024 22:28:23,,3697,1251101562,2579881566
27218,5,89340,03-01-2024 21:52:08,,5872,2987750,4380740
27351,5,36966,03-01-2024 22:53:04,,2216,58012082,70658379
26905,5,12638,03-01-2024 19:59:36,,12624,158192077,195280214
27097,5,95904,03-01-2024 21:09:37,,8423,671143256,755264421
25711,5,33391,03-01-2024 11:29:21,,43239,2326800998,3326856144
27327,5,49294,03-01-2024 22:40:46,,2954,110133413,117222962
26427,5,46060,03-01-2024 16:22:47,,25633,775144512,943769959
27236,5,59479,03-01-2024 22:08:50,,4870,128427747,145758417
26906,5,88204,03-01-2024 19:51:44,,13096,367497773,480271035
25078,5,42881,03-01-2024 06:56:19,,59621,1248828059,1479755679
27165,5,60162,03-01-2024 21:35:18,,6882,10391258,13059389
26341,5,59777,03-01-2024 15:47:01,,27779,3824667888,4069672889
26212,5,39663,03-01-2024 14:59:12,,30648,256365151,373420187
26821,5,31484,03-01-2024 19:11:53,,15487,480819262,647061612
26290,5,73071,03-01-2024 15:22:59,,29221,28865436,40474782
24925,5,6602,03-01-2024 05:57:35,,63145,872984341,1244663039
25692,5,62584,03-01-2024 11:18:23,,43897,1422374014,1864134680
27098,5,67420,03-01-2024 21:00:40,,8960,298333142,320287668
26358,5,20029,03-01-2024 15:56:20,,27220,532917601,602041755
25993,5,93242,03-01-2024 13:26:40,,36200,466217483,683245157
27439,5,97298,03-01-2024 23:29:06,,54,315966,423230
27237,5,32847,03-01-2024 22:08:35,,4885,54914462,60966441
27238,5,94868,03-01-2024 22:07:06,,4974,35341182,45486197
25974,5,30029,03-01-2024 13:12:34,,37046,11582248068,29139621534
26466,5,23704,03-01-2024 16:41:07,,24533,5205786630,3561386111
25379,5,41628,03-01-2024 08:59:49,,52211,16681963562,39000746662
26506,5,34730,03-01-2024 17:05:32,,23068,203655180,224084029
26380,5,36183,03-01-2024 16:06:19,,26621,1735317330,2503406390
26291,5,94099,03-01-2024 15:21:06,,29334,100067192,134778082
27440,5,64476,03-01-2024 23:23:26,,394,120390662,358925961
26697,5,39865,03-01-2024 18:23:54,,18366,1664883947,1750040930
26046,5,53901,03-01-2024 13:48:18,,34902,748360018,1063503490
25918,5,39170,03-01-2024 12:52:46,,38234,879584409,1280571915
27166,5,51953,03-01-2024 21:32:47,,7033,776220510,494766289
27441,5,43069,03-01-2024 23:29:13,,47,412061,417852
27301,5,45420,03-01-2024 22:33:29,,3391,114709462,118271485
27167,5,32159,03-01-2024 21:30:11,,7189,200954133,203464379
26507,5,79163,03-01-2024 17:02:22,,23258,71370009,94446372
27409,5,4892,03-01-2024 23:16:37,,803,22642904,28995487
26742,5,68814,03-01-2024 18:41:17,,17323,699925562,839193203
27051,5,29172,03-01-2024 20:43:46,,9974,336451825,353442020
26103,5,45811,03-01-2024 14:04:16,,33944,268664666,392846087
26698,5,30867,03-01-2024 18:28:17,,18103,96460684,109115630
25864,5,25043,03-01-2024 12:31:50,,39490,319820672,379316625
24790,5,20793,03-01-2024 04:54:14,,66946,2905796997,4248682718
27052,5,42332,03-01-2024 20:45:44,,9856,283556099,371003436
26315,5,27002,03-01-2024 15:32:56,,28624,406996360,528291810
26238,5,12872,03-01-2024 15:07:21,,30159,1582268535,2078962555
25400,5,88439,03-01-2024 09:06:23,,51817,7057106780,18760442570
27139,5,58576,03-01-2024 21:23:24,,7596,387698697,456219915
27410,5,88911,03-01-2024 23:10:14,,1186,22067795,23122679
25995,5,88172,03-01-2024 13:25:24,,36276,401637400,516336065
26767,5,65385,03-01-2024 18:54:01,03-01-2024 23:21:44,16063,491685525,651389962
27277,5,63830,03-01-2024 22:21:49,,4091,91509459,95168876
27411,5,75487,03-01-2024 23:11:40,,1100,35285629,45022327
26582,5,43239,03-01-2024 17:34:12,,21348,352321246,362209506
27278,5,32498,03-01-2024 22:20:36,,4164,54634434,78849317
25950,5,85739,03-01-2024 13:01:33,,37707,75850900,94880581
25670,5,49698,03-01-2024 11:02:32,,44848,364716782,455598768
26164,5,10153,03-01-2024 14:31:43,,32297,1160361939,1368896567
25772,5,58048,03-01-2024 11:50:21,,41979,887942756,1214271123
26538,5,25486,03-01-2024 17:17:46,,22334,431118760,432647516
25351,5,37874,03-01-2024 08:41:58,,53282,15831912831,29673469671
26604,5,7059,03-01-2024 17:48:12,,20508,3656472135,9409507221
25866,5,9732,03-01-2024 12:34:00,,39360,2308528437,2371641635
27189,5,12131,03-01-2024 21:40:17,,6583,80942112,112065454
25620,5,61133,03-01-2024 10:46:48,,45792,863255043,1287680458
26743,5,9007,03-01-2024 18:43:17,,17203,1838080497,2534126331
25507,5,68250,03-01-2024 09:55:12,,48888,414734533,511051286
25794,5,41933,03-01-2024 12:02:55,,41225,309781645,373486619
25818,5,32044,03-01-2024 12:17:15,,40365,10015184604,24620512983
26994,5,36682,03-01-2024 20:25:39,,11061,387516273,494631448
27219,5,63509,03-01-2024 21:53:18,,5802,30867413,38500650
26907,5,79901,03-01-2024 19:53:26,,12994,90769632,107562370
26945,5,5434,03-01-2024 20:02:17,,12463,6089368299,13532051600
27255,5,46500,03-01-2024 22:15:23,,4477,100903412,118562888
26213,5,24284,03-01-2024 14:57:20,,30760,138385944,190150668
24847,5,10387,03-01-2024 05:25:08,,65092,371286343,376989762
27279,5,71781,03-01-2024 22:20:10,,4190,33226615,39444106
27190,5,23713,03-01-2024 21:41:44,,6496,160828391,172059288
26563,5,75831,03-01-2024 17:28:58,,21662,217154117,276074450
26214,5,86291,03-01-2024 14:51:06,,31134,433611263,608496025
26147,5,79871,03-01-2024 14:27:42,,32538,1065530996,1457889919
27019,5,29100,03-01-2024 20:39:18,,10242,2136125540,4329123453
26630,5,19035,03-01-2024 17:53:18,,20202,83312263,84821543
26428,5,29728,03-01-2024 16:22:07,,25673,947868939,1188549130
25547,5,92540,03-01-2024 10:10:59,,47941,2654014108,5762862784
26342,5,89155,03-01-2024 15:43:04,,28016,64395056,78243973
26183,5,92190,03-01-2024 14:42:15,,31665,645470095,684321216
26049,5,6027,03-01-2024 13:42:58,03-01-2024 23:29:41,35203,153130040,160629667
26946,5,80180,03-01-2024 20:07:43,,12137,613690320,648710620
26995,5,35570,03-01-2024 20:21:05,,11335,153091996,179832846
26744,5,74585,03-01-2024 18:48:35,,16885,797293906,944290920
25819,5,73599,03-01-2024 12:19:00,,40260,1746211066,2404033701
27280,5,77053,03-01-2024 22:23:17,,4003,26168224,32971923
26240,5,22006,03-01-2024 15:01:32,,30508,1175763547,1482758716
26909,5,9718,03-01-2024 19:54:16,,12944,84270051,84576221
27191,5,49965,03-01-2024 21:49:54,,6006,69243782,82561909
26539,5,64052,03-01-2024 17:13:49,,22571,255501633,311876314
27099,5,70290,03-01-2024 21:04:27,,8733,94417813,98142773
26745,5,85322,03-01-2024 18:42:07,,17273,165022686,204517043
26973,5,73311,03-01-2024 20:14:40,,11720,219956035,262044896
26948,5,84862,03-01-2024 20:07:27,,12153,4721811164,11220626787
27387,5,77880,03-01-2024 23:03:44,,1576,36388822,51777965
26540,5,31519,03-01-2024 17:12:09,,22671,94632022,95221664
26606,5,12639,03-01-2024 17:47:32,,20548,1371981993,2024469084
26292,5,79520,03-01-2024 15:21:35,,29305,1580874604,1785772269
27328,5,71418,03-01-2024 22:44:40,,2720,1954850875,3644406739
25449,5,53695,03-01-2024 09:28:27,,50493,2380949339,3004014889
27067,5,97382,03-01-2024 20:57:27,,9153,533004855,719157093
27053,5,79293,03-01-2024 20:45:49,,9851,138915274,178018546
27302,5,40131,03-01-2024 22:39:41,,3019,51656106,52783868
26050,5,35149,03-01-2024 13:46:05,,35035,527657118,545080377
27054,5,37245,03-01-2024 20:40:17,,10183,182896516,191387578
25569,5,30878,03-01-2024 10:25:59,,47041,11553666608,23122541531
25867,5,36554,03-01-2024 12:34:08,,39352,737631079,932098549
27068,5,56240,03-01-2024 20:51:37,,9503,343701223,408228272
27116,5,91639,03-01-2024 21:16:43,,7997,562668973,834560813
27192,5,18727,03-01-2024 21:40:34,,6566,153117709,191550767
25598,5,43776,03-01-2024 10:34:44,,46516,627252238,923560504
27388,5,36177,03-01-2024 23:09:25,,1235,303335102,580680274
26166,5,47744,03-01-2024 14:37:14,,31966,684114963,923743250
27020,5,46351,03-01-2024 20:34:26,,10534,442756733,630978534
26910,5,40435,03-01-2024 19:52:23,,13057,104898589,127309110
26608,5,72652,03-01-2024 17:46:15,,20625,1150438426,1328881930
25919,5,71992,03-01-2024 12:59:21,,37839,1578265768,1804210508
27069,5,37941,03-01-2024 20:57:17,,9163,2405867422,7193652001
26430,5,9059,03-01-2024 16:27:07,,25373,469577542,548059520
26793,5,48337,03-01-2024 19:07:24,,15756,134346050,156068746
26718,5,15870,03-01-2024 18:38:37,,17483,612342084,876063212
26632,5,81748,03-01-2024 17:54:40,,20120,827149807,1212525096
26124,5,67749,03-01-2024 14:11:28,,33512,7268538880,18936282147
26669,5,99307,03-01-2024 18:11:04,,19136,129376465,164714007
27329,5,67359,03-01-2024 22:48:05,,2515,10127620,12980816
26974,5,5929,03-01-2024 20:15:15,,11685,1873390573,2005199542
25643,5,21215,03-01-2024 10:51:15,,45525,1555888401,2076319289
26633,5,64866,03-01-2024 17:56:20,,20020,151361308,214441243
26996,5,21658,03-01-2024 20:26:44,,10996,156743810,205622546
27193,5,13736,03-01-2024 21:43:10,,6410,84757266,111526747
25893,5,39797,03-01-2024 12:43:30,,38790,6573775663,13935518990
27239,5,39963,03-01-2024 22:04:10,,5150,35682455,42516578
26911,5,55276,03-01-2024 19:51:29,,13111,261509183,291629358
26382,5,64728,03-01-2024 16:02:54,,26826,1408047650,1463256201
27352,5,65368,03-01-2024 22:54:56,,2104,145039149,198202609
26822,5,30030,03-01-2024 19:14:07,,15353,492877213,543546199
26383,5,32826,03-01-2024 16:08:07,,26513,387710447,475582488
26997,5,59872,03-01-2024 20:26:01,,11039,458265261,550671463
26912,5,17305,03-01-2024 19:58:00,,12720,35759754,47976131
26719,5,36741,03-01-2024 18:34:15,,17745,262997965,326373410
25157,5,65525,03-01-2024 07:29:18,,57642,1105767349,1167774927
25644,5,48244,03-01-2024 10:52:04,,45476,885887213,1125411129
26021,5,79234,03-01-2024 13:32:30,,35850,122081626,160233833
25352,5,93362,03-01-2024 08:46:52,,52988,1066480364,1135760402
27140,5,77977,03-01-2024 21:21:51,,7689,81124204,84606530
27141,5,5425,03-01-2024 21:20:31,,7769,151692831,215766577
26768,5,8401,03-01-2024 18:56:13,,16427,2926941174,6823358739
27021,5,16179,03-01-2024 20:37:11,,10369,6656563778,3754299749
25509,5,18646,03-01-2024 09:55:40,,48860,2271096697,3036865643
24954,5,12023,03-01-2024 06:01:50,,62890,35568549758,73743271792
25869,5,81589,03-01-2024 12:30:27,,39573,579097351,703645292
26699,5,65111,03-01-2024 18:27:29,,18151,250795929,332085372
25895,5,32753,03-01-2024 12:42:05,,38875,2758937102,3319616292
24869,5,82123,03-01-2024 05:39:41,,64219,1129956497,1620818160
27142,5,71650,03-01-2024 21:29:37,,7223,93330302,118425464
26998,5,71366,03-01-2024 20:22:41,,11239,313782513,390893875
26609,5,78397,03-01-2024 17:45:43,,20657,429330828,561232765
26670,5,72549,03-01-2024 18:17:14,,18766,745142106,1031930092
26720,5,94605,03-01-2024 18:36:56,,17584,155874528,170315496
26451,5,12389,03-01-2024 16:37:20,,24760,254582825,278885471
26541,5,9294,03-01-2024 17:11:03,,22737,1024717731,1029113874
27281,5,69604,03-01-2024 22:28:32,,3688,619855697,1713358647
26186,5,21274,03-01-2024 14:41:59,,31681,1074693346,1573662504
27143,5,40347,03-01-2024 21:23:45,,7575,14624090,20189359
25570,5,5494,03-01-2024 10:23:54,,47166,659285061,718180285
25571,5,22304,03-01-2024 10:27:24,,46956,1964897529,2879677519
27055,5,97558,03-01-2024 20:49:41,,9619,743422290,895608491
26913,5,91411,03-01-2024 19:55:11,,12889,139058752,152883904
26022,5,51941,03-01-2024 13:33:48,,35772,835344275,853372307
27070,5,65848,03-01-2024 20:50:44,,9556,918515352,963321543
27168,5,29409,03-01-2024 21:31:09,,7131,114233906,162485709
26949,5,68806,03-01-2024 20:09:08,,12052,381749972,410928937
27240,5,62314,03-01-2024 22:00:35,,5365,434223460,1269712276
26508,5,40628,03-01-2024 17:09:54,,22806,329479839,334453719
27412,5,16464,03-01-2024 23:14:51,,909,41095058,61268233
25599,5,55825,03-01-2024 10:34:32,,46528,1846899673,2739930238
25510,5,95526,03-01-2024 09:53:13,,49007,1110692183,1575349978
26999,5,43079,03-01-2024 20:24:58,,11102,280211325,374601715
25762,5,51424,03-01-2024 11:42:35,,42445,7330996507,14655171348
27071,5,72939,03-01-2024 20:57:13,,9167,6740033,10040731
25572,5,51860,03-01-2024 10:27:57,,46923,2102027914,2336605725
25821,5,50084,03-01-2024 12:15:52,,40448,1702448732,1781086430
26868,5,5388,03-01-2024 19:37:26,,13954,1198934093,2792789803
26823,5,28325,03-01-2024 19:14:57,,15303,55030306,59900571
26769,5,51465,03-01-2024 18:50:16,,16784,490308552,655237837
27282,5,76822,03-01-2024 22:24:33,,3927,111161157,113482843
26975,5,51636,03-01-2024 20:11:10,,11930,160877530,161961779
26509,5,15098,03-01-2024 17:07:48,,22932,161404427,199626089
27194,5,56520,03-01-2024 21:46:37,,6203,45369715,52631562
26215,5,48507,03-01-2024 14:57:07,,30773,154839063,161286459
26671,5,99840,03-01-2024 18:10:26,,19174,428120943,564391863
25549,5,38729,03-01-2024 10:19:34,,47426,3279704499,4169908331
26672,5,65963,03-01-2024 18:12:25,,19055,157494610,235354066
26565,5,47395,03-01-2024 17:29:21,,21639,295133849,315385347
25573,5,18705,03-01-2024 10:27:05,,46975,5193382237,14612642299
27195,5,38710,03-01-2024 21:41:05,,6535,272301125,359123776
26914,5,87608,03-01-2024 19:59:15,03-01-2024 23:26:37,12442,336882527,412157080
27442,5,87608,03-01-2024 23:27:26,,154,9608449,14075559
25466,5,32301,03-01-2024 09:39:09,,49851,1429036018,1573946844
26610,5,68199,03-01-2024 17:45:55,,20645,678119692,864671326
26869,5,78242,03-01-2024 19:33:38,,14182,21264986,21610719
27000,5,89310,03-01-2024 20:28:13,,10907,561111840,664734980
27056,5,57746,03-01-2024 20:47:11,,9769,266796585,280267669
27117,5,23874,03-01-2024 21:19:24,,7836,75450276,93405985
27196,5,73461,03-01-2024 21:45:50,,6250,2602366718,6522513867
26266,5,32501,03-01-2024 15:11:51,,29889,442649876,507624623
25920,5,7301,03-01-2024 12:56:58,,37982,1337092552,1677305083
26267,5,71987,03-01-2024 15:11:38,,29902,84691296,125850473
27353,5,4806,03-01-2024 22:52:31,,2249,104497344,155800640
26023,5,23667,03-01-2024 13:30:56,,35944,424338862,435475172
26431,5,80985,03-01-2024 16:21:36,,25704,912482602,1350504562
26510,5,80636,03-01-2024 17:05:38,03-01-2024 23:22:57,22639,36065450,40888539
27443,5,80636,03-01-2024 23:23:40,,380,473873,492241
26650,5,27720,03-01-2024 18:01:11,,19729,364844454,470362081
27303,5,45203,03-01-2024 22:31:03,,3537,4093738,6011686
26452,5,23330,03-01-2024 16:38:03,,24717,250267746,270159930
27118,5,75080,03-01-2024 21:15:18,,8082,583243130,780484034
27072,5,32484,03-01-2024 20:58:42,,9078,228198740,298247356
27073,5,18871,03-01-2024 20:53:17,,9403,273895806,291327025
26542,5,53006,03-01-2024 17:18:16,,22304,460760987,511238902
26870,5,46771,03-01-2024 19:36:37,,14003,143993809,209155637
27330,5,60459,03-01-2024 22:43:38,,2782,18595154,27112853
25645,5,34271,03-01-2024 10:53:52,,45368,418057573,588014339
26543,5,47646,03-01-2024 17:16:30,,22410,580006216,778085140
27304,5,80651,03-01-2024 22:31:38,,3502,11417409,13268995
26167,5,33137,03-01-2024 14:35:10,,32090,3352582302,2544798395
26883,5,5300,03-01-2024 19:43:44,,13576,865135687,877571054
25871,5,72802,03-01-2024 12:32:31,,39449,1441347293,2144530029
27001,5,14534,03-01-2024 20:20:13,,11387,243061975,270844023
25054,5,32072,03-01-2024 06:43:12,,60408,807978880,983041850
25996,5,73977,03-01-2024 13:25:40,,36260,3322691755,3831096853
25233,5,78235,03-01-2024 07:51:51,,56289,354175406,485875477
26168,5,28512,03-01-2024 14:31:18,,32322,904478036,1030699966
26216,5,98009,03-01-2024 14:52:13,,31067,1555387718,1587679746
27444,5,33593,03-01-2024 23:29:17,,43,2498415,2821244
26884,5,23103,03-01-2024 19:40:39,,13761,790937826,2089720920
26915,5,88539,03-01-2024 19:55:20,,12880,75055116,88044131
25675,5,16485,03-01-2024 11:00:59,,44941,543452215,760104294
27074,5,54062,03-01-2024 20:59:25,,9035,234877116,350127056
26318,5,28046,03-01-2024 15:38:06,,28314,10275039107,22063679023
26489,5,57109,03-01-2024 16:52:58,,23822,348799124,486769982
27002,5,81623,03-01-2024 20:29:57,,10803,165187934,169567500
26771,5,34919,03-01-2024 18:52:22,,16658,1116976041,1157092369
27169,5,34628,03-01-2024 21:39:16,,6644,106302538,130972320
26544,5,71460,03-01-2024 17:11:48,,22692,72739181,98475002
26651,5,97667,03-01-2024 18:01:02,,19738,79372005,83963446
27413,5,11298,03-01-2024 23:17:29,,751,19461078,26671009
26885,5,46472,03-01-2024 19:48:23,,13297,222690792,258296531
26916,5,99076,03-01-2024 19:51:31,,13109,423972196,480548388
26871,5,64675,03-01-2024 19:35:25,,14075,143887821,163450940
26846,5,47279,03-01-2024 19:29:50,,14410,157690474,177014006
26511,5,95401,03-01-2024 17:04:21,,23139,92228118,102615356
24876,5,95805,03-01-2024 05:38:26,,64294,1114304898,1317890994
27414,5,21694,03-01-2024 23:17:36,,744,26652613,35723240
27415,5,38641,03-01-2024 23:18:35,,685,49427755,56930471
26951,5,42431,03-01-2024 20:03:00,,12420,141186380,200792692
25823,5,16652,03-01-2024 12:13:10,,40610,1391615035,1974884882
26512,5,88674,03-01-2024 17:06:25,,23015,8164011311,17531045011
26149,5,53625,03-01-2024 14:29:26,,32434,380809810,476850651
27256,5,44351,03-01-2024 22:13:04,,4616,71684020,93356986
26886,5,68289,03-01-2024 19:42:36,,13644,78848394,103447468
27197,5,4414,03-01-2024 21:49:57,,6003,214207975,308250200
27241,5,52635,03-01-2024 22:06:31,,5009,1513561850,3341281877
25601,5,35635,03-01-2024 10:32:58,,46622,285616895,304590534
27354,5,72980,03-01-2024 22:56:12,,2028,9654156,13905777
26847,5,49823,03-01-2024 19:23:18,,14802,516630930,736592477
26344,5,95544,03-01-2024 15:45:34,,27866,1173581611,1706473805
26052,5,13491,03-01-2024 13:46:01,,35039,123892051,127981487
27355,5,52306,03-01-2024 22:52:26,,2254,678535597,1838911610
26406,5,86603,03-01-2024 16:17:54,,25926,173055078,219398374
26053,5,95349,03-01-2024 13:47:55,,34925,164876391,224893956
25997,5,11554,03-01-2024 13:23:03,,36417,801726437,817911925
25402,5,76390,03-01-2024 09:09:41,,51619,2224073234,2742589980
27022,5,96103,03-01-2024 20:34:47,,10513,372513101,386577099
25897,5,67611,03-01-2024 12:42:58,,38822,68393201,87641577
26127,5,63977,03-01-2024 14:14:40,,33320,396943718,506774619
27023,5,56189,03-01-2024 20:35:16,,10484,182249356,205691268
26772,5,61181,03-01-2024 18:51:33,,16707,130879723,157190804
25898,5,10117,03-01-2024 12:44:26,,38734,1358225911,1702012794
26773,5,47381,03-01-2024 18:53:28,,16592,5935038301,15333183236
27144,5,14080,03-01-2024 21:26:21,,7419,269458837,382483690
26545,5,80413,03-01-2024 17:12:13,,22667,222366621,327669644
26952,5,26983,03-01-2024 20:06:29,,12211,257645021,308921574
27220,5,48630,03-01-2024 21:58:37,,5483,222693867,227822056
25057,5,21990,03-01-2024 06:48:26,,60094,2824903347,2892029556
27003,5,34301,03-01-2024 20:21:33,,11307,266437757,342893200
25007,5,89040,03-01-2024 06:24:53,,61507,183150010,226506797
25923,5,63351,03-01-2024 12:56:02,,38038,785192399,915615971
26084,5,67799,03-01-2024 13:59:30,,34230,2384814663,3533965531
26774,5,75960,03-01-2024 18:52:29,,16651,1002419783,1109947561
25952,5,66582,03-01-2024 13:00:40,,37760,898078797,1107663888
27356,5,40666,03-01-2024 22:50:18,,2382,77792829,90424521
25998,5,98104,03-01-2024 13:21:35,,36505,821228298,1114354767
25999,5,65926,03-01-2024 13:28:58,,36062,1679277782,2049165634
27004,5,78255,03-01-2024 20:25:31,,11069,561525664,627853897
26794,5,68046,03-01-2024 19:08:58,,15662,798008100,1084179365
25739,5,90899,03-01-2024 11:39:45,,42615,284549796,294146261
25575,5,71104,03-01-2024 10:20:26,,47374,1026870454,1227118619
25383,5,67745,03-01-2024 08:50:10,,52790,1974992005,2227798694
26384,5,12309,03-01-2024 16:01:54,,26886,141286675,197845051
27357,5,40644,03-01-2024 22:55:04,,2096,678634232,1430552682
26848,5,15637,03-01-2024 19:23:13,,14807,88554001,113870968
27198,5,49330,03-01-2024 21:49:53,,6007,159152631,234095346
26887,5,87709,03-01-2024 19:42:46,,13634,134284977,143034717
25329,5,95119,03-01-2024 08:35:36,,53664,2376054458,2430760780
27331,5,95117,03-01-2024 22:43:20,,2800,41268830,42786828
26385,5,23438,03-01-2024 16:05:45,,26655,994059417,1195664649
27445,5,98937,03-01-2024 23:25:49,,251,5668534,7089404
26795,5,96037,03-01-2024 19:04:49,,15911,1540000436,931568496
27100,5,32029,03-01-2024 21:02:10,,8870,379920779,404381401
26634,5,48358,03-01-2024 17:56:00,,20040,1042216284,1208895972
26453,5,82326,03-01-2024 16:36:23,,24817,1234657969,954080597
24817,5,17857,03-01-2024 05:06:33,,66207,2360430069,3202871137
26386,5,37746,03-01-2024 16:04:34,,26726,565935027,778879000
26546,5,59994,03-01-2024 17:13:09,,22611,160012327,201400116
26917,5,84386,03-01-2024 19:54:13,,12947,413659689,461805859
27332,5,98807,03-01-2024 22:40:44,,2956,156813751,164155007
24901,5,53219,03-01-2024 05:46:23,,63817,41548032,49277412
26849,5,38943,03-01-2024 19:20:12,,14988,595692458,877441165
25487,5,97924,03-01-2024 09:42:04,,49676,1743890806,1990296619
25799,5,79309,03-01-2024 12:06:02,,41038,14477993310,34349463083
25740,5,86298,03-01-2024 11:39:46,,42614,134184973,176478759
25676,5,49613,03-01-2024 11:09:27,,44433,249827263,327073149
27416,5,41353,03-01-2024 23:10:14,,1186,121436803,173270589
26888,5,44533,03-01-2024 19:49:53,,13207,343671652,361011901
26721,5,20070,03-01-2024 18:32:33,,17847,6992311911,14132759625
27333,5,48268,03-01-2024 22:45:10,,2690,114438486,126024076
25775,5,11767,03-01-2024 11:54:03,,41757,2141115735,1514074220
25260,5,93473,03-01-2024 08:04:53,,55507,4784127322,5296818291
26128,5,39908,03-01-2024 14:19:13,03-01-2024 23:25:58,32805,1524451129,1896430911
26748,5,78376,03-01-2024 18:46:42,,16998,420487836,603453063
26129,5,86420,03-01-2024 14:18:45,,33075,1017256788,1040378621
25552,5,15412,03-01-2024 10:14:08,,47752,238150848,250461687
25194,5,59475,03-01-2024 07:38:31,,57089,670072224,723582863
26407,5,48939,03-01-2024 16:17:00,,25980,239558211,294682512
26434,5,25086,03-01-2024 16:24:37,,25523,712257536,816978110
27145,5,63661,03-01-2024 21:20:35,,7765,94686393,129856666
26918,5,90230,03-01-2024 19:52:32,,13048,2972315448,6504832894
24770,5,50050,03-01-2024 04:43:17,,67603,18284094918,34858260764
26491,5,36504,03-01-2024 16:53:11,,23809,607422122,621800650
26919,5,92311,03-01-2024 19:50:46,,13154,232293079,241219879
26295,5,87387,03-01-2024 15:22:08,,29272,259473982,359269839
26296,5,44729,03-01-2024 15:29:19,,28841,1951301857,2172122452
26635,5,85554,03-01-2024 17:55:41,,20059,256671318,317442326
26749,5,27713,03-01-2024 18:43:54,,17166,1256841112,1276223942
27334,5,73867,03-01-2024 22:43:15,,2805,629979145,1801835440
27057,5,44378,03-01-2024 20:42:08,,10072,136867120,171064666
27170,5,17020,03-01-2024 21:30:11,,7189,201365338,267990929
25648,5,59977,03-01-2024 10:50:43,,45557,3994663613,4632893920
24974,5,23632,03-01-2024 06:17:08,,61972,896612768,1262835231
27221,5,44664,03-01-2024 21:50:18,,5982,61588360,65546996
26872,5,17431,03-01-2024 19:38:08,,13912,106266809,148004941
26953,5,87316,03-01-2024 20:07:04,,12176,618128009,712002987
27389,5,60327,03-01-2024 23:04:07,,1553,96925599,113488398
27146,5,94367,03-01-2024 21:24:26,,7534,31425999,42784544
27075,5,44862,03-01-2024 20:57:06,,9174,755862668,1015182041
25086,5,58052,03-01-2024 06:52:07,,59873,1206201633,1626387423
25622,5,17131,03-01-2024 10:48:07,,45713,169261057,174045930
26723,5,97287,03-01-2024 18:31:21,,17919,5772547148,13523521951
26920,5,59325,03-01-2024 19:55:40,,12860,62638848,89719427
26492,5,40113,03-01-2024 16:59:41,,23419,3867176881,7430948408
26700,5,16157,03-01-2024 18:24:50,,18310,153227244,225130648
27222,5,44140,03-01-2024 21:50:14,,5986,165732336,247506578
26568,5,31400,03-01-2024 17:29:28,,21632,10210955648,21195801510
26360,5,4587,03-01-2024 15:51:14,,27526,7559219380,21770692570
26921,5,18452,03-01-2024 19:50:14,,13186,3332944086,6917297319
25528,5,32799,03-01-2024 10:09:59,,48001,2010132155,2856505970
26636,5,64823,03-01-2024 17:53:41,,20179,1246091562,1283297960
26750,5,18722,03-01-2024 18:45:39,,17061,317506173,366304041
25716,5,69609,03-01-2024 11:20:14,,43786,581760860,785833681
26187,5,12496,03-01-2024 14:48:31,,31289,481191697,581263153
26057,5,59791,03-01-2024 13:48:57,,34863,2445371958,2451698721
27305,5,10302,03-01-2024 22:32:34,,3446,8438693,11650900
25649,5,33378,03-01-2024 10:54:54,,45306,987443007,1135207901
25741,5,26850,03-01-2024 11:36:38,,42802,598394031,651118671
25925,5,37712,03-01-2024 12:59:30,,37830,2388325275,2819553421
26454,5,19080,03-01-2024 16:38:14,,24706,222384311,260956852
27257,5,84921,03-01-2024 22:13:09,,4611,71339399,73248049
26346,5,81466,03-01-2024 15:43:56,,27964,44073538,57615210
26106,5,32641,03-01-2024 14:05:25,,33875,979347465,1071816298
26922,5,28774,03-01-2024 19:55:19,,12881,199647292,235318182
26673,5,40456,03-01-2024 18:12:29,,19051,1284764205,1681051223
26547,5,83101,03-01-2024 17:14:32,,22528,341834092,365472851
26130,5,38535,03-01-2024 14:15:54,,33246,1107962579,1218668015
26107,5,89398,03-01-2024 14:00:39,,34161,1385326200,1756689165
27148,5,50216,03-01-2024 21:29:17,,7243,6909276,10131235
26923,5,54571,03-01-2024 19:55:23,,12877,179517887,196627819
26188,5,31752,03-01-2024 14:43:35,,31585,1259078262,1362941258
25623,5,83477,03-01-2024 10:48:22,,45698,923921554,1065613374
24880,5,65262,03-01-2024 05:37:08,,64372,1463901786,1639168673
27223,5,60191,03-01-2024 21:59:13,,5447,48028642,61523109
27025,5,59680,03-01-2024 20:32:46,,10634,205557168,270824487
27390,5,92433,03-01-2024 23:07:19,,1361,74084174,91492453
26796,5,90690,03-01-2024 19:00:20,,16180,118098547,149934274
27026,5,11227,03-01-2024 20:37:10,03-01-2024 23:29:22,10332,176359303,246708047
26977,5,34995,03-01-2024 20:15:39,,11661,98916687,102146087
25977,5,70703,03-01-2024 13:11:19,,37121,1592950060,1787070858
26978,5,84130,03-01-2024 20:17:50,,11530,293215849,320414668
26674,5,29116,03-01-2024 18:16:16,,18824,654906019,871970583
25776,5,95309,03-01-2024 11:55:15,,41685,966229177,1356510367
27306,5,60870,03-01-2024 22:34:31,,3329,46635905,61915516
26150,5,68421,03-01-2024 14:22:37,,32843,387863272,434721485
25450,5,26389,03-01-2024 09:24:41,,50719,511027265,749881796
27076,5,13902,03-01-2024 20:59:06,,9054,620532590,687703077
26569,5,88132,03-01-2024 17:20:31,,22169,355866093,491919437
27417,5,21744,03-01-2024 23:14:01,,959,122645171,78849798
27391,5,90107,03-01-2024 23:05:49,,1451,4180260,4690339
25954,5,23718,03-01-2024 13:03:57,,37563,2177662912,3262340938
25978,5,90521,03-01-2024 13:16:10,,36830,2041170221,2580096947
27171,5,64260,03-01-2024 21:36:13,,6827,126412929,169822421
27418,5,59870,03-01-2024 23:13:50,,970,20794873,22414953
27101,5,40382,03-01-2024 21:05:36,,8664,177915592,209404322
25162,5,26342,03-01-2024 07:27:50,,57730,260287016,386729536
26797,5,85662,03-01-2024 19:01:13,,16127,722964118,870666474
26955,5,87392,03-01-2024 20:04:23,,12337,455745401,667514175
26956,5,9457,03-01-2024 20:08:34,,12086,847418576,1111191131
26570,5,9739,03-01-2024 17:22:25,,22055,9176738895,22905248975
27419,5,35178,03-01-2024 23:13:19,,1001,359908709,846501188
26269,5,28122,03-01-2024 15:14:04,,29756,8357730205,16838285603
27149,5,16334,03-01-2024 21:28:28,,7292,600607677,659763068
26320,5,22909,03-01-2024 15:38:24,,28296,1313678454,1595722094
24774,5,60774,03-01-2024 04:44:39,,67521,2437452681,2638110494
26584,5,56764,03-01-2024 17:36:47,,21193,8032562627,19915296152
27058,5,15170,03-01-2024 20:46:31,,9809,126003244,146034302
27119,5,76014,03-01-2024 21:14:16,,8144,3094031770,7442537247
26027,5,27663,03-01-2024 13:36:24,,35616,4671479614,4685584049
26611,5,81074,03-01-2024 17:42:15,,20865,69989372,76527381
25216,5,50414,03-01-2024 07:45:29,,56671,1825428405,2440548276
25358,5,45805,03-01-2024 08:42:34,,53246,1080531748,1188510403
25605,5,11229,03-01-2024 10:32:50,,46630,1221993830,1771014344
26170,5,22986,03-01-2024 14:38:31,,31889,435563052,613622715
27199,5,67686,03-01-2024 21:48:59,,6061,181365611,204284757
26270,5,23840,03-01-2024 15:16:21,,29619,543010073,788918133
26152,5,86189,03-01-2024 14:20:54,03-01-2024 23:24:19,32605,388738039,577796670
26001,5,53430,03-01-2024 13:24:00,,36360,2172403102,2463181264
26850,5,29435,03-01-2024 19:22:58,,14822,77668540,106900246
27420,5,39440,03-01-2024 23:11:18,,1122,35034619,42888494
26851,5,37974,03-01-2024 19:28:54,,14466,125846374,140372656
27446,5,66657,03-01-2024 23:27:37,,143,21988896,22861849
26798,5,75470,03-01-2024 19:07:00,,15780,901984976,1129587116
26675,5,75323,03-01-2024 18:14:31,,18929,81184759,100245865
25386,5,43148,03-01-2024 08:54:18,,52542,9534307146,25224179208
27059,5,65094,03-01-2024 20:48:02,,9718,338242358,402821106
25313,5,19548,03-01-2024 08:27:59,,54121,1647496494,2093572240
26612,5,9525,03-01-2024 17:44:39,,20721,490919428,496065511
26131,5,24684,03-01-2024 14:16:13,,33227,1108016804,1387689144
26852,5,10191,03-01-2024 19:20:52,,14948,558757969,582111109
25763,5,36615,03-01-2024 11:44:33,,42327,1378891598,1717584912
27224,5,93374,03-01-2024 21:59:54,,5406,112665841,161074369
27392,5,41026,03-01-2024 23:05:07,,1493,84148843,91313392
27258,5,78888,03-01-2024 22:13:38,,4582,64027786,79359365
26824,5,14109,03-01-2024 19:14:57,,15303,34035678,35796705
26924,5,12703,03-01-2024 19:50:59,,13141,376436397,483411579
26321,5,57250,03-01-2024 15:35:55,03-01-2024 23:29:28,28413,111209515,139222717
27077,5,97849,03-01-2024 20:58:07,,9113,2602044279,5870173766
25088,5,92493,03-01-2024 06:55:05,,59695,1054062645,1145708397
26029,5,88072,03-01-2024 13:39:07,,35453,1855762701,2335216250
27150,5,93718,03-01-2024 21:28:51,,7269,327032804,433632127
26085,5,34965,03-01-2024 13:53:19,,34601,165467514,182491935
26853,5,22340,03-01-2024 19:28:21,,14499,266132991,297034945
25554,5,18419,03-01-2024 10:18:34,,47486,145204253,182447010
26153,5,78026,03-01-2024 14:26:34,,32606,166552342,240188717
26585,5,79728,03-01-2024 17:31:54,,21486,882666084,1237738890
26514,5,81801,03-01-2024 17:01:57,,23283,285704056,343962578
26435,5,98071,03-01-2024 16:25:55,,25445,2525979671,1964932108
26171,5,39420,03-01-2024 14:32:41,,32239,673077559,684718529
26776,5,97604,03-01-2024 18:52:20,,16660,137546940,171385759
25955,5,38523,03-01-2024 13:09:35,,37225,23871663,33643757
27060,5,27941,03-01-2024 20:40:52,,10148,331823246,441998578
27078,5,4848,03-01-2024 20:53:19,,9401,403552784,504180994
27225,5,79225,03-01-2024 21:58:54,,5466,31813659,46176534
26925,5,14522,03-01-2024 19:57:03,,12777,2990373021,5644578988
26408,5,8510,03-01-2024 16:11:04,,26336,8074460550,16129447398
26979,5,14936,03-01-2024 20:10:42,,11958,237600060,298903772
25902,5,61482,03-01-2024 12:47:28,,38552,435180887,487530450
27120,5,89610,03-01-2024 21:19:30,,7830,81685482,118641325
27151,5,92440,03-01-2024 21:22:22,,7658,307979049,376886592
26470,5,45329,03-01-2024 16:43:27,,24393,465911113,695718254
27200,5,30304,03-01-2024 21:49:28,,6032,11594895,14954758
25802,5,36567,03-01-2024 12:08:54,,40866,13621649015,29901256402
26980,5,89440,03-01-2024 20:12:26,,11854,345791340,466754120
24904,5,90055,03-01-2024 05:49:17,,63643,3326343584,4677530343
27005,5,17014,03-01-2024 20:23:01,,11219,205306284,269056787
27242,5,35289,03-01-2024 22:01:45,,5295,20122942,22646958
26002,5,99044,03-01-2024 13:25:13,,36287,10724485151,23914509361
26109,5,48311,03-01-2024 14:04:21,,33939,6245553409,14087544257
26676,5,28752,03-01-2024 18:15:39,,18861,626243596,883766131
26677,5,50446,03-01-2024 18:14:13,,18947,583968735,670275598
26777,5,50296,03-01-2024 18:52:10,,16670,3782634285,8310983076
26471,5,91308,03-01-2024 16:40:05,,24595,785121933,1040916721
27201,5,50452,03-01-2024 21:49:21,,6039,182297503,251240544
26958,5,76655,03-01-2024 20:07:12,,12168,272891144,277848908
26725,5,60475,03-01-2024 18:32:13,,17867,67908674,91710167
27027,5,88597,03-01-2024 20:38:28,,10292,345061286,367731574
26854,5,86808,03-01-2024 19:29:25,,14435,88940457,126166309
25979,5,83287,03-01-2024 13:16:15,,36825,862771566,1291456580
27421,5,61438,03-01-2024 23:19:14,,646,2458605,2893434
26003,5,58706,03-01-2024 13:29:04,,36056,649049671,720332481
26889,5,32607,03-01-2024 19:44:13,,13547,72980184,92390346
27358,5,46620,03-01-2024 22:51:49,,2291,139470528,156939799
26548,5,94368,03-01-2024 17:13:37,,22583,258598486,334815616
26778,5,42318,03-01-2024 18:50:25,,16775,677889636,885742221
27202,5,11987,03-01-2024 21:45:31,,6269,67226836,77206696
26323,5,10461,03-01-2024 15:30:39,,28761,585652392,697511800
25846,5,6277,03-01-2024 12:20:11,,40189,83458679,106590945
26615,5,32326,03-01-2024 17:41:40,,20900,322521434,354669724
27359,5,89345,03-01-2024 22:54:28,,2132,166591644,200170845
25491,5,20153,03-01-2024 09:41:08,,49732,642023757,880262670
26030,5,85156,03-01-2024 13:32:11,,35869,916513968,1036387391
26638,5,89501,03-01-2024 17:57:54,,19926,737836605,850964267
27259,5,41659,03-01-2024 22:15:07,,4493,34419853,38493614
25130,5,39858,03-01-2024 07:17:24,,58356,18620438182,51096640240
26362,5,43952,03-01-2024 15:56:07,,27233,1169443962,1686565970
26272,5,77619,03-01-2024 15:10:00,,30000,127494918,163304859
27393,5,13407,03-01-2024 23:00:17,,1783,133469459,162153482
25579,5,73473,03-01-2024 10:28:28,,46892,1245162283,1393771199
26726,5,35366,03-01-2024 18:35:54,,17646,1098721198,1539785424
27028,5,73427,03-01-2024 20:36:06,,10434,39073410,41618497
26087,5,44172,03-01-2024 13:50:29,,34771,689026090,775148609
26363,5,48011,03-01-2024 15:58:03,,27117,42259169,57279844
25874,5,73340,03-01-2024 12:33:06,,39414,1334602669,1513399446
26678,5,32906,03-01-2024 18:16:25,,18815,308071744,415962287
26587,5,44189,03-01-2024 17:37:37,,21143,375333525,526975504
27172,5,46385,03-01-2024 21:34:25,,6935,59809752,66565799
26472,5,26385,03-01-2024 16:45:07,,24293,350718599,484419083
26515,5,44551,03-01-2024 17:06:13,,23027,568363788,570575522
27335,5,95685,03-01-2024 22:41:36,,2904,32298253,36538658
27394,5,72298,03-01-2024 23:07:02,,1378,59696186,61943263
26189,5,89415,03-01-2024 14:42:58,,31622,430868576,526949430
26825,5,87750,03-01-2024 19:16:52,,15188,4953239217,14175054721
27422,5,47009,03-01-2024 23:10:35,,1165,60564237,68537189
25828,5,53694,03-01-2024 12:16:19,,40421,1098481123,1129335666
26639,5,71637,03-01-2024 17:55:59,,20041,123167293,136850431
26516,5,79167,03-01-2024 17:07:38,,22942,157563379,174831471
25981,5,20361,03-01-2024 13:19:32,,36628,4512705097,4905306012
26779,5,57689,03-01-2024 18:56:23,,16417,355231006,500649189
27243,5,80863,03-01-2024 22:06:58,,4982,1492129563,2973810226
26473,5,58559,03-01-2024 16:48:42,,24078,1452649697,1682386611
26300,5,83700,03-01-2024 15:23:14,,29206,1319235714,1710271997
26799,5,99218,03-01-2024 19:00:25,,16175,186205826,260255855
27336,5,13494,03-01-2024 22:45:40,,2660,29447214,42563326
25904,5,67439,03-01-2024 12:41:40,,38900,198619904,274312649
25743,5,91937,03-01-2024 11:30:34,,43166,2944361788,3677132798
24576,5,52038,03-01-2024 03:24:04,03-01-2024 23:24:16,72012,4436062385,4945219455
26679,5,18373,03-01-2024 18:19:26,,18634,537680951,637967521
26727,5,14003,03-01-2024 18:34:49,,17711,305362456,330472063
24958,5,68803,03-01-2024 06:04:05,,62755,6732772908,3970169008
26780,5,31021,03-01-2024 18:51:07,,16733,82535689,89308403
26517,5,67813,03-01-2024 17:06:46,,22994,6125051716,11643574859
25581,5,28734,03-01-2024 10:22:31,,47249,1238792915,1566400052
25582,5,55707,03-01-2024 10:24:21,,47139,15068910726,40327948748
26387,5,72431,03-01-2024 16:02:33,,26847,1893140105,1476103620
26031,5,98486,03-01-2024 13:39:47,,35413,689714431,924775402
26549,5,54420,03-01-2024 17:14:38,,22522,1158378969,1237530610
25875,5,64757,03-01-2024 12:32:43,,39437,1096802984,1148336932
26926,5,51664,03-01-2024 19:57:37,,12743,4207321761,10064725031
26588,5,32735,03-01-2024 17:33:13,,21407,559566059,749396274
26855,5,64221,03-01-2024 19:29:01,,14459,61014287,72162689
26800,5,53131,03-01-2024 19:06:11,,15829,187022363,214759268
25876,5,14294,03-01-2024 12:32:02,,39478,1271504561,1764971218
27173,5,69101,03-01-2024 21:33:11,,7009,107455842,125206455
26063,5,34612,03-01-2024 13:46:41,,34999,539568031,741868666
26154,5,89527,03-01-2024 14:26:22,,32618,1067708503,1264138893
25432,5,75742,03-01-2024 09:14:04,,51356,2326935695,3394141978
25235,5,40730,03-01-2024 07:58:23,,55897,1195515800,1515959088
27423,5,14498,03-01-2024 23:15:06,,894,11283449,15566164
26110,5,55537,03-01-2024 14:05:25,,33875,4491107556,12628566827
26364,5,87442,03-01-2024 15:56:24,,27216,463036104,558131219
27174,5,98637,03-01-2024 21:33:24,,6996,85751763,99667251
26617,5,99197,03-01-2024 17:49:02,,20458,422853305,573925706
27080,5,52623,03-01-2024 20:55:30,,9270,646888551,740629022
26474,5,30626,03-01-2024 16:42:53,,24427,237637532,285128092
26728,5,68240,03-01-2024 18:31:02,,17938,673929832,1010467124
27030,5,68403,03-01-2024 20:34:16,,10544,134079685,188937666
26751,5,26449,03-01-2024 18:46:50,,16990,379203492,538563658
26826,5,96204,03-01-2024 19:17:59,,15121,214246087,218192363
25628,5,3881,03-01-2024 10:40:52,,46148,2029144236,2125097519
26064,5,44742,03-01-2024 13:49:24,,34836,509714939,758332584
26273,5,9561,03-01-2024 15:17:41,,29539,2944132641,3110290560
26550,5,81911,03-01-2024 17:12:13,,22667,163001984,232857399
26927,5,24362,03-01-2024 19:59:44,,12616,233643155,295837068
25764,5,70226,03-01-2024 11:43:33,,42387,518905226,738866046
26173,5,95234,03-01-2024 14:36:51,,31989,666742800,845431213
26088,5,71771,03-01-2024 13:58:51,,34269,106887904,136461300
27081,5,6121,03-01-2024 20:58:16,,9104,344367557,356613770
25433,5,24355,03-01-2024 09:18:43,,51077,490941790,657848858
26518,5,81073,03-01-2024 17:01:24,,23316,344965168,463199185
26519,5,39305,03-01-2024 17:03:01,,23219,461732776,665330540
25652,5,62975,03-01-2024 10:56:34,,45206,3292242390,3405617516
26656,5,66551,03-01-2024 18:08:28,,19292,735779333,925756058
26089,5,65308,03-01-2024 13:54:44,,34516,663849343,745062715
27031,5,39045,03-01-2024 20:39:57,,10203,435334077,458366290
26301,5,53759,03-01-2024 15:24:39,,29121,427514786,600156994
25959,5,82977,03-01-2024 13:04:11,,37549,1356111929,1817343696
26801,5,92130,03-01-2024 19:07:28,,15752,117524649,161139960
27082,5,61218,03-01-2024 20:58:39,,9081,86693065,127252205
26111,5,15903,03-01-2024 14:02:43,,34037,601128977,635568355
26324,5,49742,03-01-2024 15:39:16,,28244,1162832108,1731958808
26618,5,41329,03-01-2024 17:47:19,,20561,2089766325,3014613933
25333,5,24697,03-01-2024 08:36:46,,53594,1545194560,2198490516
27360,5,65144,03-01-2024 22:51:51,,2289,108397994,136892563
26802,5,40454,03-01-2024 19:08:07,,15713,606563071,679216000
27307,5,78175,03-01-2024 22:36:36,,3204,5924466,6849538
26890,5,58929,03-01-2024 19:48:38,,13282,442014637,649885456
27244,5,56051,03-01-2024 22:08:21,,4899,39592064,41094103
27283,5,66641,03-01-2024 22:27:15,,3765,337213116,389609198
25654,5,4756,03-01-2024 10:53:23,,45397,1485198187,1876669444
25629,5,49682,03-01-2024 10:49:37,,45623,9209262011,21625091353
27121,5,46544,03-01-2024 21:13:07,,8213,205361211,237726482
27337,5,13628,03-01-2024 22:47:25,,2555,116444797,121577696
27062,5,47202,03-01-2024 20:42:56,,10024,195867618,253099784
27424,5,9816,03-01-2024 23:10:31,,1169,20959660,30673289
26219,5,17694,03-01-2024 14:54:50,,30910,1456783041,1459362320
27122,5,5259,03-01-2024 21:10:57,,8343,165262509,196428661
26571,5,38936,03-01-2024 17:26:56,,21784,101252029,143639681
27361,5,33744,03-01-2024 22:58:19,,1901,184097328,222582028
25723,5,39236,03-01-2024 11:28:28,,43292,1450309608,1514289337
26803,5,95464,03-01-2024 19:03:33,,15987,308791402,360931507
27203,5,73780,03-01-2024 21:48:02,,6118,941737008,1831574378
26134,5,37273,03-01-2024 14:18:02,,33118,793448997,797484897
26959,5,23397,03-01-2024 20:07:13,,12167,169636545,180946471
26804,5,51454,03-01-2024 19:07:05,,15775,567587541,844825763
25877,5,88706,03-01-2024 12:33:04,,39416,622829601,782601546
26640,5,51487,03-01-2024 17:55:26,,20074,190097780,234341231
27175,5,70087,03-01-2024 21:31:47,,7093,507596965,632783803
26856,5,21519,03-01-2024 19:29:45,,14415,225811052,253823647
26248,5,5637,03-01-2024 15:03:45,,30375,918452881,945571813
27032,5,22727,03-01-2024 20:31:44,,10696,234279711,331683347
25830,5,27939,03-01-2024 12:10:20,,40780,385699396,560348577
26752,5,92795,03-01-2024 18:41:46,,17294,3145518,3208415
26409,5,55511,03-01-2024 16:18:59,,25861,984287645,1470078124
27083,5,59173,03-01-2024 20:50:22,,9578,392739516,447327924
27204,5,84988,03-01-2024 21:43:07,,6413,1010534705,2123386292
26657,5,74927,03-01-2024 18:09:29,,19231,481343804,676138062
26249,5,5987,03-01-2024 15:04:52,,30308,59149543,78175311
25806,5,24441,03-01-2024 12:04:22,,41138,1357538706,1900468005
26410,5,28072,03-01-2024 16:19:50,,25810,123686875,137701393
27395,5,23988,03-01-2024 23:03:13,,1607,33512129,36701945
27447,5,97326,03-01-2024 23:23:20,,400,2895266,3399706
25291,5,45106,03-01-2024 08:18:17,,54703,375750552,423455104
25133,5,82442,03-01-2024 07:17:03,,58377,1018170982,1397808816
26589,5,93906,03-01-2024 17:34:03,,21357,173301849,203191048
26928,5,24353,03-01-2024 19:57:36,,12744,620367902,928414749
25409,5,67391,03-01-2024 09:00:59,,52141,3356854000,4809584265
27260,5,69257,03-01-2024 22:18:00,,4320,57802744,64850785
25848,5,17120,03-01-2024 12:25:47,,39853,1700286141,2170432153
25724,5,96766,03-01-2024 11:27:19,,43361,10556245857,23731619286
25725,5,87756,03-01-2024 11:25:22,,43478,1558056905,1607067054
27261,5,6126,03-01-2024 22:17:09,,4371,158297197,165149524
27362,5,36204,03-01-2024 22:51:00,,2340,59436668,70288642
25410,5,33904,03-01-2024 09:09:26,,51634,1050514673,1341367357
24979,5,50557,03-01-2024 06:13:47,,62173,1815832676,2249566603
26302,5,15679,03-01-2024 15:24:59,,29101,1316651595,1724778648
26475,5,51075,03-01-2024 16:40:24,,24576,396464036,512210686
25905,5,94792,03-01-2024 12:43:31,,38789,10582876247,30989554478
27123,5,43517,03-01-2024 21:18:24,,7896,33112278,49142323
25960,5,32109,03-01-2024 13:04:06,,37554,1168262688,1363140351
26658,5,81416,03-01-2024 18:03:45,,19575,7638731834,18036059626
25583,5,42689,03-01-2024 10:22:13,,47267,3503467781,3859685532
27308,5,87811,03-01-2024 22:30:28,,3572,18406211,20743948
26857,5,60859,03-01-2024 19:29:20,,14440,310386760,351587603
26366,5,80119,03-01-2024 15:54:10,,27350,1172241352,1285797162
26753,5,10899,03-01-2024 18:47:50,,16930,91315424,130980961
26590,5,11147,03-01-2024 17:38:02,,21118,79379330,115691384
26091,5,27887,03-01-2024 13:55:22,,34478,2586862524,3642721062
25534,5,59400,03-01-2024 10:09:09,,48051,2320764613,2356770723
27284,5,88634,03-01-2024 22:24:01,,3959,1084452735,2630214716
25929,5,3904,03-01-2024 12:51:54,,38286,2428061845,2724547108
27285,5,30580,03-01-2024 22:22:37,,4043,127930086,187017224
27309,5,13094,03-01-2024 22:37:16,,3164,156645008,220837942
25388,5,32726,03-01-2024 08:50:47,,52753,1445952806,2114737753
26220,5,98020,03-01-2024 14:51:34,,31106,1103939008,1242603591
25656,5,71483,03-01-2024 10:53:31,,45389,545163864,566846758
26891,5,84385,03-01-2024 19:40:40,,13760,59279714,80151386
26552,5,25682,03-01-2024 17:16:38,,22402,110403051,131834555
25657,5,29963,03-01-2024 10:56:33,,45207,485906504,537109058
26275,5,21863,03-01-2024 15:14:07,,29753,580496180,832088714
27363,5,41345,03-01-2024 22:50:07,,2393,128916414,149940321
27124,5,81155,03-01-2024 21:17:20,,7960,34484695,40172589
26929,5,50694,03-01-2024 19:53:44,,12976,302475045,408992335
26476,5,27003,03-01-2024 16:40:21,,24579,750163751,2172858682
26348,5,25042,03-01-2024 15:44:47,,27913,191631271,222667184
27226,5,20190,03-01-2024 21:52:27,,5853,1820620474,4256093999
26389,5,37899,03-01-2024 16:05:38,,26662,9064512336,23541634462
27364,5,48016,03-01-2024 22:59:40,,1820,107746736,148689231
25315,5,3907,03-01-2024 08:23:47,,54373,412502152,547787701
27396,5,99847,03-01-2024 23:03:45,,1575,60837007,86519860
26437,5,72129,03-01-2024 16:21:13,,25727,795733360,901068523
27177,5,55206,03-01-2024 21:34:59,,6901,113984751,128559772
25218,5,42197,03-01-2024 07:41:50,,56890,1501871850,1516947595
25411,5,92021,03-01-2024 09:04:42,,51918,535296163,618597621
26276,5,63106,03-01-2024 15:10:56,,29944,578112886,855949999
26730,5,99864,03-01-2024 18:33:00,,17820,1429506648,1604178555
26438,5,98258,03-01-2024 16:23:58,,25562,123538745,167296188
27084,5,66776,03-01-2024 20:52:19,,9461,377060740,548493431
26439,5,22512,03-01-2024 16:26:20,,25420,906483154,1220854659
26731,5,19054,03-01-2024 18:38:22,,17498,351407707,440331700
27034,5,33813,03-01-2024 20:39:39,,10221,2314262167,6570178293
26828,5,34575,03-01-2024 19:18:58,,15062,125074030,161989773
26781,5,37682,03-01-2024 18:53:26,,16594,15967788,19754722
25778,5,64079,03-01-2024 11:53:00,,41820,421291429,585424841
27035,5,63658,03-01-2024 20:35:56,,10444,2824467686,8058819099
27178,5,72541,03-01-2024 21:30:22,,7178,76811936,93670243
27262,5,68308,03-01-2024 22:16:24,,4416,139819694,165045266
25607,5,65168,03-01-2024 10:34:35,,46525,714766217,999290568
26092,5,63862,03-01-2024 13:53:45,,34575,655221198,850922645
27205,5,46072,03-01-2024 21:46:59,,6181,972570760,2857212861
25316,5,60083,03-01-2024 08:24:06,,54354,956938853,1002035983
26155,5,48306,03-01-2024 14:27:13,,32567,122976117,161455245
27179,5,59666,03-01-2024 21:33:34,,6986,23911466,27574410
26156,5,64835,03-01-2024 14:29:58,,32402,67275748,69043590
25766,5,47721,03-01-2024 11:45:38,,42262,534560633,536858722
25496,5,38156,03-01-2024 09:40:07,,49793,1215646253,1424167191
27425,5,59810,03-01-2024 23:13:34,,986,38592913,53159319
27397,5,64676,03-01-2024 23:04:14,,1546,563062642,1139251051
24937,5,54464,03-01-2024 05:51:37,,63503,1186245202,1472615961
26681,5,73450,03-01-2024 18:11:36,,19104,264894711,374663122
26981,5,75874,03-01-2024 20:10:50,,11950,128770754,163395996
25746,5,83028,03-01-2024 11:34:28,,42932,625764514,859916046
26732,5,17469,03-01-2024 18:34:27,,17733,318577143,377362209
26930,5,88728,03-01-2024 19:58:54,,12666,430033681,639206508
27125,5,11251,03-01-2024 21:17:33,,7947,44060681,49165542
25906,5,63006,03-01-2024 12:49:34,,38426,121175046,150689488
24938,5,89388,03-01-2024 05:59:11,,63049,979430029,1342354597
26279,5,40372,03-01-2024 15:15:20,,29680,476411052,631838727
27006,5,7930,03-01-2024 20:23:16,,11204,102246618,106272923
26592,5,13304,03-01-2024 17:34:02,,21358,975421436,1248914345
25880,5,51911,03-01-2024 12:30:09,,39591,707158549,866864255
25807,5,8779,03-01-2024 12:07:15,,40965,18529163956,38309076858
26135,5,33787,03-01-2024 14:10:20,,33580,14949549,20739042
26641,5,67431,03-01-2024 17:56:36,,20004,332192013,395800876
27338,5,92926,03-01-2024 22:47:10,,2570,54450229,68493763
25767,5,6245,03-01-2024 11:49:01,,42059,192218486,199168027
27245,5,66413,03-01-2024 22:01:36,,5304,1937716772,5724040905
27102,5,22093,03-01-2024 21:05:33,,8667,1231183552,2648241830
26805,5,88458,03-01-2024 19:05:22,,15878,9700821,10244075
25849,5,30924,03-01-2024 12:24:08,,39952,1134119778,1229175780
27398,5,67463,03-01-2024 23:07:16,,1364,36288473,40693137
26520,5,66795,03-01-2024 17:05:31,,23069,38382642,56149585
26682,5,91916,03-01-2024 18:13:37,,18983,368646009,452713835
24887,5,83929,03-01-2024 05:34:21,,64539,4201293572,5081186650
26806,5,23357,03-01-2024 19:09:45,,15615,212304861,315965231
26192,5,45647,03-01-2024 14:43:49,,31571,669088551,766777670
25982,5,28746,03-01-2024 13:16:19,,36821,430683380,480585284
27263,5,77865,03-01-2024 22:10:05,,4795,1186838,1253222
25499,5,91112,03-01-2024 09:44:53,,49507,986304986,1367047459
26066,5,72516,03-01-2024 13:46:02,,35038,617978291,822093704
26619,5,33906,03-01-2024 17:40:47,,20953,788006852,1074988660
26390,5,6826,03-01-2024 16:05:53,,26647,6211313854,11723721038
26495,5,8235,03-01-2024 16:52:51,,23829,79630848,95626508
27246,5,49060,03-01-2024 22:08:43,,4877,34558292,48334278
25779,5,5672,03-01-2024 11:55:22,,41678,581590449,608865755
26280,5,36892,03-01-2024 15:13:44,,29776,10535858838,22435290413
25536,5,68827,03-01-2024 10:02:37,,48443,16216623751,41566449010
27152,5,47958,03-01-2024 21:28:48,,7272,1557865644,4055549527
25065,5,51901,03-01-2024 06:48:18,,60102,1728930418,1812272460
27286,5,28795,03-01-2024 22:25:33,,3867,87663865,130288463
26034,5,14782,03-01-2024 13:34:17,,35743,11206466212,29185278537
25202,5,80418,03-01-2024 07:32:31,,57449,18124086626,51614567033
27399,5,70587,03-01-2024 23:05:02,,1498,682497,767881
27264,5,97229,03-01-2024 22:10:38,,4762,1381917449,3398831620
27287,5,41753,03-01-2024 22:28:40,,3680,252742927,355491664
25931,5,16503,03-01-2024 12:56:51,,37989,156512968,179540851
26136,5,50146,03-01-2024 14:16:00,,33240,16803660,21704365
26137,5,39481,03-01-2024 14:17:51,,33129,235272593,312308067
27036,5,83630,03-01-2024 20:35:14,,10486,296912165,355463892
27037,5,21162,03-01-2024 20:34:03,,10557,168493824,242244247
27339,5,9125,03-01-2024 22:48:53,,2467,28008170,38625632
27400,5,8252,03-01-2024 23:06:35,,1405,69241422,87703277
27310,5,35580,03-01-2024 22:37:02,,3178,41987850,49790714
27401,5,63802,03-01-2024 23:03:59,,1561,47282109,61072354
26807,5,18426,03-01-2024 19:01:11,,16129,569919693,464464787
26304,5,78134,03-01-2024 15:29:32,,28828,1035495460,1115868483
26367,5,66529,03-01-2024 15:50:19,,27581,1998361325,2472649798
26368,5,73961,03-01-2024 15:55:02,,27298,1472177513,1687473676
26477,5,37178,03-01-2024 16:43:00,,24420,42069330,56436644
27007,5,11929,03-01-2024 20:20:29,,11371,722801335,952176518
27340,5,70091,03-01-2024 22:44:11,,2749,33354780,47059093
27038,5,30787,03-01-2024 20:39:17,,10243,101418244,147738814
27365,5,29733,03-01-2024 22:58:02,,1918,26331438,38231865
27448,5,43692,03-01-2024 23:21:28,,512,173862227,395779807
25241,5,71977,03-01-2024 07:50:56,,56344,3779394130,3940582871
26455,5,4824,03-01-2024 16:34:45,,24915,162205204,185936946
27103,5,63179,03-01-2024 21:08:16,,8504,51801140,57608578
26808,5,89178,03-01-2024 19:05:55,,15845,6019698389,13174469275
27039,5,28405,03-01-2024 20:37:06,,10374,387640143,424672897
27311,5,63118,03-01-2024 22:32:57,,3423,29430091,31634401
26874,5,40522,03-01-2024 19:31:07,,14333,94344091,111546795
26224,5,73787,03-01-2024 14:54:44,,30916,36054989,45201483
26829,5,10406,03-01-2024 19:12:47,,15433,614226343,811005223
26393,5,97713,03-01-2024 16:00:17,,26983,1740225818,2550790302
24911,5,67469,03-01-2024 05:49:12,,63648,597449921,657815476
27153,5,77205,03-01-2024 21:25:09,,7491,184321812,223427434
26394,5,79034,03-01-2024 16:06:01,,26639,9810850149,19056966142
27126,5,55869,03-01-2024 21:19:20,,7840,42519508,56447738
27127,5,54958,03-01-2024 21:18:29,,7891,549308442,795082565
27063,5,84090,03-01-2024 20:48:50,,9670,522929972,594867948
26067,5,9501,03-01-2024 13:46:24,,35016,303400833,404648627
26496,5,60300,03-01-2024 16:56:58,,23582,453766516,500579210
26281,5,34333,03-01-2024 15:19:01,,29459,426541695,510446643
26007,5,85572,03-01-2024 13:27:10,,36170,1038168374,1238891526
25963,5,52421,03-01-2024 13:07:17,,37363,11269516640,21128003299
26175,5,36621,03-01-2024 14:35:49,,32051,542641787,689544237
26478,5,84099,03-01-2024 16:46:45,,24195,4376940045,2754792403
26830,5,88657,03-01-2024 19:17:38,,15142,27884338,33544092
27206,5,70239,03-01-2024 21:40:22,,6578,161937216,182315405
26931,5,45250,03-01-2024 19:51:06,,13134,263748178,378113555
24912,5,65613,03-01-2024 05:46:33,,63807,1337081326,1922519816
26572,5,59797,03-01-2024 17:22:01,,22079,398415864,407869644
26068,5,22385,03-01-2024 13:44:54,,35106,1334127564,1705767702
25338,5,55599,03-01-2024 08:34:30,,53730,4476498040,5291718876
26325,5,59111,03-01-2024 15:34:15,,28545,1347062805,1951000585
26809,5,30668,03-01-2024 19:08:48,,15672,795886461,1000093259
26158,5,47243,03-01-2024 14:21:08,,32932,96167690,138277537
26194,5,57503,03-01-2024 14:40:04,,31796,346730185,519171480
26369,5,78990,03-01-2024 15:51:22,,27518,1640588856,1746279325
26960,5,9165,03-01-2024 20:03:36,,12384,467777685,559626346
27366,5,86713,03-01-2024 22:59:22,,1838,176002605,224251303
26521,5,7180,03-01-2024 17:06:05,,23035,494098933,739890065
27312,5,82336,03-01-2024 22:31:36,,3504,124466440,182228145
26093,5,53639,03-01-2024 13:50:56,,34744,2027590922,2677114914
26932,5,35307,03-01-2024 19:59:35,,12625,47258730,53115256
26593,5,84303,03-01-2024 17:38:21,,21099,608624760,669667359
25780,5,39269,03-01-2024 11:57:04,,41576,306157730,430666953
27247,5,83708,03-01-2024 22:01:40,,5300,1460194201,2781352194
27341,5,13239,03-01-2024 22:49:46,,2414,76366734,79583550
25884,5,49931,03-01-2024 12:39:25,,39035,2402134349,1930594715
26411,5,91664,03-01-2024 16:16:35,,26005,8144585788,23144317331
26702,5,27986,03-01-2024 18:28:18,,18102,3538815468,6894865580
27180,5,14419,03-01-2024 21:32:49,,7031,14870564,19788416
26683,5,80948,03-01-2024 18:18:01,,18719,88665509,96797249
27288,5,46728,03-01-2024 22:20:33,,4167,198866642,281633835
26138,5,53412,03-01-2024 14:18:41,,33079,711637113,816293197
26756,5,34021,03-01-2024 18:42:25,,17255,157266996,230630692
25608,5,75279,03-01-2024 10:38:48,,46272,1915520851,2286632667
26479,5,70495,03-01-2024 16:43:37,,24383,1058714894,1142960728
27367,5,99330,03-01-2024 22:55:56,,2044,42217286,46881964
26225,5,46507,03-01-2024 14:57:03,,30777,232687145,295441963
27342,5,80947,03-01-2024 22:44:15,,2745,13786646,19660972
26831,5,89646,03-01-2024 19:11:40,,15500,634485789,674884645
27154,5,67490,03-01-2024 21:22:44,,7636,159805961,168832044
26306,5,91602,03-01-2024 15:20:57,,29343,134978608,186785453
26703,5,59594,03-01-2024 18:22:31,,18449,332535955,463845344
27008,5,92176,03-01-2024 20:23:24,,11196,584634195,745274271
26875,5,94155,03-01-2024 19:32:13,,14267,89041118,89801637
26733,5,29075,03-01-2024 18:38:50,,17470,158437743,162342359
25907,5,32801,03-01-2024 12:48:47,,38473,3381569049,3994386585
26734,5,37992,03-01-2024 18:37:39,,17541,879737523,1104810350
27265,5,98989,03-01-2024 22:14:40,,4520,26256344,30976735
27343,5,49845,03-01-2024 22:46:22,,2618,34940365,36538308
27449,5,67191,03-01-2024 23:26:32,,208,10330391,14550558
25538,5,22206,03-01-2024 10:00:54,,48546,240344805,313155781
26735,5,39825,03-01-2024 18:33:22,,17798,2034626249,2604702299
27402,5,37086,03-01-2024 23:01:11,,1729,100424631,107737940
27450,5,6701,03-01-2024 23:29:11,,49,995363,1394664
26480,5,58641,03-01-2024 16:45:17,,24283,201485465,218492121
27368,5,69623,03-01-2024 22:57:33,,1947,100660568,106529282
25630,5,55641,03-01-2024 10:48:48,,45672,3076319450,3700751916
26139,5,57709,03-01-2024 14:17:07,,33173,309564639,359961595
26094,5,33937,03-01-2024 13:53:51,,34569,3359838727,7259141714
25701,5,12430,03-01-2024 11:19:49,,43811,1625962239,1743711574
26858,5,34056,03-01-2024 19:20:23,,14977,133448045,183484896
27155,5,85354,03-01-2024 21:26:32,,7408,45808469,49318714
26553,5,66101,03-01-2024 17:12:47,,22633,199052738,297398162
25984,5,88010,03-01-2024 13:15:39,,36861,1184673539,1316114778
26933,5,31557,03-01-2024 19:59:42,,12618,277147316,287856844
27369,5,89197,03-01-2024 22:52:56,,2224,44030435,50665813
26457,5,30412,03-01-2024 16:33:45,,24975,293340954,383174368
25964,5,20578,03-01-2024 13:07:46,,37334,301642763,391997680
26934,5,93802,03-01-2024 19:52:41,,13039,147268115,193602820
26522,5,23570,03-01-2024 17:07:52,,22928,34847008,35329138
27086,5,20962,03-01-2024 20:52:31,,9449,102009053,138176995
27426,5,83084,03-01-2024 23:14:26,,934,22911313,27549559
27370,5,41154,03-01-2024 22:54:57,,2103,35247748,50388329
27064,5,79000,03-01-2024 20:48:42,,9678,379659644,415298824
27266,5,99509,03-01-2024 22:19:30,,4230,33871983,44186135
26498,5,57715,03-01-2024 16:56:00,,23640,10817302200,20673597767
27087,5,72947,03-01-2024 20:54:46,,9314,79395687,114207719
25561,5,52053,03-01-2024 10:11:57,,47883,800033231,840167087
26832,5,15655,03-01-2024 19:13:50,,15370,342042590,486451710
27344,5,94045,03-01-2024 22:43:23,,2797,26687677,33801116
27403,5,18001,03-01-2024 23:08:53,,1267,108259762,133822763
27040,5,92999,03-01-2024 20:32:46,,10634,430040013,487736192
26757,5,17386,03-01-2024 18:46:55,,16985,439535847,577458857
27041,5,26102,03-01-2024 20:37:13,,10367,80524870,101101629
26595,5,85406,03-01-2024 17:30:35,,21565,334107219,440466288
27427,5,32566,03-01-2024 23:15:08,,892,32760844,34469569
26252,5,7876,03-01-2024 15:03:09,,30411,742975027,1020441699
26282,5,78155,03-01-2024 15:15:28,,29672,402487148,460744423
25221,5,75002,03-01-2024 07:47:52,03-01-2024 23:25:12,56240,478080637,657149359
27451,5,75002,03-01-2024 23:26:43,,197,1698969,2044021
26069,5,36057,03-01-2024 13:40:03,,35397,2106339165,2149502076
25586,5,75436,03-01-2024 10:29:16,,46844,952828263,1379064741
27104,5,79858,03-01-2024 21:01:50,,8890,79576544,107772210
27313,5,70142,03-01-2024 22:32:46,,3434,21777344,29852892
26070,5,26099,03-01-2024 13:48:56,,34864,395409531,414666892
26396,5,52464,03-01-2024 16:02:07,,26873,2896496169,3252907858
25932,5,49501,03-01-2024 12:58:44,,37876,423271565,608288353
26859,5,40482,03-01-2024 19:24:43,,14717,114109194,124504026
26226,5,4055,03-01-2024 14:55:02,,30898,384778216,412561983
26736,5,72647,03-01-2024 18:33:00,,17820,1651754892,2010515236
25728,5,8777,03-01-2024 11:25:49,,43451,1454980291,1667921503
26072,5,38007,03-01-2024 13:45:15,,35085,1278674351,1410341145
25782,5,24722,03-01-2024 11:51:19,,41921,461343252,527108274
25140,5,55640,03-01-2024 07:11:11,,58729,1755765420,2180748291
25729,5,72540,03-01-2024 11:25:40,,43460,5426957,5664088
27289,5,88382,03-01-2024 22:25:40,,3860,35120989,44005464
27290,5,34019,03-01-2024 22:21:53,,4087,43017924,51035997
27009,5,84690,03-01-2024 20:29:21,,10839,1276393002,802090426
26893,5,59672,03-01-2024 19:43:12,,13608,373929236,527095533
25783,5,52726,03-01-2024 11:54:47,,41713,1147699614,1321452720
27065,5,56919,03-01-2024 20:42:19,,10061,4756380918,10989238515
27128,5,46957,03-01-2024 21:19:32,,7828,15833931,18989815
27291,5,62007,03-01-2024 22:27:24,,3756,20097912,27203738
26482,5,26436,03-01-2024 16:45:25,,24275,508146316,732682063
27428,5,3807,03-01-2024 23:13:59,,961,28005066,33656543
27345,5,70649,03-01-2024 22:43:28,,2792,15646910,11876673
24941,5,89470,03-01-2024 05:52:53,,63427,1106213190,1507292743
26008,5,96347,03-01-2024 13:26:33,,36207,27293323,36462387
27010,5,55689,03-01-2024 20:23:47,,11173,1054683958,1288543453
26441,5,28198,03-01-2024 16:26:47,,25393,1219061803,1603061598
27011,5,83270,03-01-2024 20:29:10,,10850,716114358,883143782
27267,5,52912,03-01-2024 22:10:35,,4765,68666312,97279816
25703,5,23337,03-01-2024 11:11:57,,44283,1119056261,1411551713
26686,5,82417,03-01-2024 18:14:22,,18938,1653890814,1993495507
25609,5,98617,03-01-2024 10:31:09,,46731,4057669473,5321588627
25413,5,72820,03-01-2024 09:08:24,03-01-2024 23:20:44,51140,14988620056,38080076404
25414,5,36633,03-01-2024 09:09:47,,51613,673572136,719376035
26983,5,79575,03-01-2024 20:11:46,,11894,104999277,134439192
27105,5,47431,03-01-2024 21:07:50,,8530,186831031,257587314
27156,5,93803,03-01-2024 21:28:00,,7320,88776704,102873096
25366,5,28475,03-01-2024 08:44:56,,53104,147108549,152382510
26196,5,64438,03-01-2024 14:47:04,,31376,1189590163,1250278509
26307,5,28599,03-01-2024 15:26:02,,29038,5835736224,13952538737
26254,5,75320,03-01-2024 15:02:05,,30475,610991349,806340359
26074,5,77956,03-01-2024 13:46:31,,35009,652482394,960799434
26227,5,92133,03-01-2024 14:51:29,,31111,237375077,319898577
26500,5,17483,03-01-2024 16:56:42,,23598,179725117,232584724
26596,5,65223,03-01-2024 17:38:31,,21089,505602060,647433154
26758,5,32664,03-01-2024 18:41:04,,17336,1059211940,1443324831
27292,5,68504,03-01-2024 22:26:59,,3781,120718266,171732109
25367,5,27058,03-01-2024 08:42:56,,53224,647552145,893806790
25748,5,44148,03-01-2024 11:36:34,,42806,887963960,1009756141
25562,5,84897,03-01-2024 10:19:19,,47441,3127314148,4210864360
26961,5,35928,03-01-2024 20:01:58,,12482,450947333,516289643
27314,5,7423,03-01-2024 22:31:45,,3495,72278761,80493598
27181,5,55937,03-01-2024 21:35:07,,6893,12298239,13320125
26620,5,31098,03-01-2024 17:45:36,,20664,601059356,611400296
26037,5,3831,03-01-2024 13:31:19,,35921,806784732,997242442
25660,5,69047,03-01-2024 10:54:59,,45301,2856156706,3202087300
27346,5,40430,03-01-2024 22:41:30,,2910,42621877,49195706
26782,5,41261,03-01-2024 18:50:38,,16762,226857993,305891166
25437,5,22235,03-01-2024 09:14:06,,51354,173695721,210630954
27371,5,78260,03-01-2024 22:57:28,,1952,98213145,114088486
25632,5,38205,03-01-2024 10:40:47,,46153,1531289994,2052757733
27012,5,64257,03-01-2024 20:23:21,,11199,1089447537,1148865301
26075,5,48181,03-01-2024 13:42:41,,35239,744834244,988547240
25661,5,11960,03-01-2024 10:52:09,,45471,3514507250,3653898463
27372,5,85148,03-01-2024 22:57:14,,1966,29412055,38784724
26687,5,25678,03-01-2024 18:18:22,,18698,567323469,662282241
27315,5,99713,03-01-2024 22:33:34,,3386,620463262,1857405101
27013,5,14930,03-01-2024 20:22:31,,11249,159117681,205616111
25171,5,23929,03-01-2024 07:22:51,,58029,2274580876,2976954701
26783,5,96798,03-01-2024 18:55:54,,16446,1890627330,4813272824
26597,5,9832,03-01-2024 17:35:28,,21272,376494124,391400587
27268,5,15740,03-01-2024 22:11:09,,4731,137165704,147631450
25662,5,75564,03-01-2024 10:50:59,,45541,2041097828,2558808672
25833,5,45940,03-01-2024 12:14:06,,40554,1344221282,1577636828
25203,5,69450,03-01-2024 07:39:21,,57039,538602343,673438455
27207,5,97545,03-01-2024 21:43:50,03-01-2024 23:26:00,6130,24095391,34139886
27293,5,18946,03-01-2024 22:25:22,,3878,77109421,88859816
25749,5,55432,03-01-2024 11:37:16,,42764,1477051526,1886012451
26984,5,96521,03-01-2024 20:13:06,,11814,399073956,583998977
26326,5,51215,03-01-2024 15:36:42,,28398,558768249,622476433
26458,5,5965,03-01-2024 16:34:57,,24903,134990223,177709236
26327,5,46569,03-01-2024 15:30:46,,28754,1098070885,1531130895
26284,5,86118,03-01-2024 15:19:33,,29427,1207945838,1400448860
27129,5,55808,03-01-2024 21:15:45,,8055,368971316,418239008
27014,5,29127,03-01-2024 20:22:58,,11222,564576836,659677782
26759,5,54973,03-01-2024 18:46:34,,17006,5349625,7245300
26760,5,72164,03-01-2024 18:45:34,,17066,431009781,445038407
25518,5,55429,03-01-2024 09:52:54,,49026,543479025,549059982
27294,5,16658,03-01-2024 22:27:06,,3774,1085612,1138341
26688,5,80186,03-01-2024 18:17:46,,18734,6137371269,18097472441
25986,5,13867,03-01-2024 13:10:08,,37192,305720611,432008393
25610,5,57041,03-01-2024 10:37:37,,46343,11050204075,30515895473
25173,5,43062,03-01-2024 07:27:10,,57770,2680230890,3092906564
26860,5,16413,03-01-2024 19:29:25,,14435,88274861,108939858
27373,5,16805,03-01-2024 22:58:15,,1905,70713727,89493787
27182,5,71510,03-01-2024 21:39:13,,6647,457665505,560869222
25563,5,93192,03-01-2024 10:17:16,,47564,172194511,213716541
27042,5,61364,03-01-2024 20:37:40,,10340,3573344421,6977158755
27157,5,32138,03-01-2024 21:20:19,,7781,84552131,100601321
26351,5,34882,03-01-2024 15:42:25,,28055,259591307,378176719
26643,5,73191,03-01-2024 17:58:59,,19861,7186683019,13836937633
26328,5,81529,03-01-2024 15:34:31,,28529,1643864002,2112487443
26598,5,99706,03-01-2024 17:34:20,,21340,280153267,392837393
26483,5,44225,03-01-2024 16:46:57,,24183,75770267,102713129
26659,5,44241,03-01-2024 18:01:04,,19736,4513348704,13522061281
25270,5,41178,03-01-2024 08:00:07,,55793,1157798452,1518208505
26660,5,55839,03-01-2024 18:08:35,,19285,1384302783,1739305874
25910,5,73625,03-01-2024 12:40:19,,38981,3435800808,4875501274
26861,5,74716,03-01-2024 19:24:26,,14734,418350613,443200863
26833,5,9474,03-01-2024 19:18:30,,15090,15454038,20652320
27248,5,49131,03-01-2024 22:00:54,,5346,19380951,20334292
25438,5,15224,03-01-2024 09:10:23,,51577,14924149112,30123485338
26985,5,33443,03-01-2024 20:11:33,,11907,33490274,34684872
26459,5,97272,03-01-2024 16:31:03,,25137,250085306,260215415
27316,5,31286,03-01-2024 22:30:10,,3590,30430462,42769258
25587,5,38489,03-01-2024 10:20:35,,47365,11588990177,23630180352
27227,5,72754,03-01-2024 21:54:43,,5717,24005826,25388127
25967,5,52459,03-01-2024 13:03:25,,37595,2569217939,6698994700
26621,5,3879,03-01-2024 17:49:01,,20459,243737458,254398560
25887,5,25070,03-01-2024 12:34:39,,39321,1058535621,1060608977
26644,5,37347,03-01-2024 17:54:02,,20158,4831235267,12246941308
26523,5,59585,03-01-2024 17:07:00,,22980,576881252,772819305
26986,5,74386,03-01-2024 20:16:31,,11609,30787393,33572969
26352,5,69045,03-01-2024 15:47:37,,27743,8109768735,21118700331
26556,5,66899,03-01-2024 17:18:02,,22318,271215784,290100936
26460,5,98705,03-01-2024 16:32:28,,25052,172564174,233362352
26689,5,69573,03-01-2024 18:14:09,,18951,454610976,681835897
27317,5,14194,03-01-2024 22:34:27,,3333,37381145,39208760
25911,5,9786,03-01-2024 12:41:47,,38893,427169547,546228234
27429,5,82140,03-01-2024 23:14:41,,919,28600268,32583713
26661,5,87048,03-01-2024 18:02:55,,19625,722728857,897497380
27228,5,6228,03-01-2024 21:51:23,,5917,114368344,157379255
27374,5,69778,03-01-2024 22:55:34,,2066,99230536,54731214
25810,5,99150,03-01-2024 12:04:33,,41127,1480536757,1719040109
27043,5,74561,03-01-2024 20:37:00,,10380,43137435,59472568
27015,5,41697,03-01-2024 20:25:01,,11099,186703248,239137851
27295,5,60486,03-01-2024 22:20:39,,4161,141615143,143150669
25271,5,5127,03-01-2024 08:06:51,,55389,2587881702,2755557080
27375,5,30545,03-01-2024 22:57:34,,1946,115552150,136447294
25784,5,67038,03-01-2024 11:50:11,,41989,1324965177,1393984568
26645,5,99296,03-01-2024 17:50:10,,20390,1039815541,1245607073
25934,5,42136,03-01-2024 12:51:18,,38322,403075666,480409855
27376,5,76054,03-01-2024 22:51:22,,2318,43737667,47447320
26987,5,29633,03-01-2024 20:14:17,,11743,1015023278,1475513560
27044,5,4899,03-01-2024 20:35:40,,10460,50140452,71957699
27158,5,96810,03-01-2024 21:22:37,,7643,82763345,82884151
26935,5,23681,03-01-2024 19:50:52,,13148,481091792,627755522
26784,5,76985,03-01-2024 18:50:03,,16797,809520046,879915142
26114,5,42093,03-01-2024 14:04:19,,33941,255631451,360208682
27229,5,37882,03-01-2024 21:52:12,,5868,27156100,29442711
27347,5,46063,03-01-2024 22:47:32,,2548,2064891,2209584
26896,5,96420,03-01-2024 19:43:13,,13607,293412406,353128968
26876,5,28565,03-01-2024 19:37:20,,13960,109393719,128588288
26834,5,36073,03-01-2024 19:17:44,,15136,67475757,74903719
27183,5,94190,03-01-2024 21:36:16,,6824,173532494,202999054
26646,5,90924,03-01-2024 17:59:57,,19803,1240425823,1706362600
25611,5,69082,03-01-2024 10:36:31,,46409,2137989697,2235133755
27130,5,96399,03-01-2024 21:16:48,,7992,360017413,535682221
25686,5,4915,03-01-2024 11:01:24,,44916,350573274,373604658
26622,5,59462,03-01-2024 17:42:32,,20848,374394364,468664598
27131,5,4095,03-01-2024 21:12:09,,8271,943003947,1227979052
27230,5,48954,03-01-2024 21:54:55,,5705,5263644,6391050
26176,5,76343,03-01-2024 14:38:11,,31909,389413463,391091498
26835,5,9974,03-01-2024 19:13:38,,15382,622769818,753764945
26524,5,51039,03-01-2024 17:08:02,,22918,190537628,204329127
25704,5,30814,03-01-2024 11:19:24,,43836,2217995613,3152281189
26599,5,33500,03-01-2024 17:32:50,,21430,613782085,740431367
26962,5,41713,03-01-2024 20:05:35,,12265,1371885052,1393445225
26329,5,23759,03-01-2024 15:32:51,,28629,7456760868,17693795254
26812,5,30110,03-01-2024 19:07:35,,15745,6375510624,15019985471
26897,5,14333,03-01-2024 19:45:30,,13470,144060087,212054385
25096,5,33170,03-01-2024 06:51:38,,59902,319311006,375647715
27107,5,77136,03-01-2024 21:02:46,,8834,1160153577,1289887068
26526,5,34748,03-01-2024 17:08:55,,22865,577746923,815811533
25768,5,55112,03-01-2024 11:49:40,,42020,1023967536,1424022154
25588,5,63222,03-01-2024 10:28:36,,46884,901271075,1221599672
27404,5,97922,03-01-2024 23:09:56,,1204,21330211,25260150
27209,5,19920,03-01-2024 21:44:55,,6305,58528657,64772842
26256,5,19970,03-01-2024 15:02:12,,30468,448526167,474481463
27088,5,80642,03-01-2024 20:55:52,,9248,166653338,246581304
26600,5,43127,03-01-2024 17:33:07,,21413,9086975250,18751227401
27318,5,82030,03-01-2024 22:33:24,,3396,51928256,56228665
26527,5,74531,03-01-2024 17:03:04,,23216,296308159,427140582
27377,5,45808,03-01-2024 22:55:45,,2055,122077047,135601982
25912,5,95688,03-01-2024 12:44:40,,38720,20341115763,50542082295
26836,5,26778,03-01-2024 19:12:23,,15457,59340511,67111770
25835,5,99039,03-01-2024 12:16:27,,40413,286532864,348019506
26704,5,93804,03-01-2024 18:28:57,,18063,531702111,722337083
26761,5,6870,03-01-2024 18:48:55,,16865,1290145109,1935068106
26558,5,11719,03-01-2024 17:10:43,,22757,231916160,310280910
26415,5,43537,03-01-2024 16:15:17,,26083,1513282014,2213460670
26813,5,10767,03-01-2024 19:08:37,,15683,3839991350,9130127224
27231,5,45273,03-01-2024 21:52:45,,5835,5314263,7769581
25418,5,15274,03-01-2024 09:03:15,,52005,10846604598,20463318535
24966,5,12835,03-01-2024 06:09:37,,62423,166961955,224641930
27378,5,12329,03-01-2024 22:54:48,,2112,69883403,70853615
27108,5,11602,03-01-2024 21:06:12,,8628,1553860296,3464759557
26705,5,15410,03-01-2024 18:24:59,,18301,99566500,117425792
25935,5,9597,03-01-2024 12:51:33,,38307,484045046,593481511
27089,5,49381,03-01-2024 20:55:48,,9252,275416845,355542423
26142,5,59386,03-01-2024 14:17:26,,33154,3602530380,8534592753
27045,5,85911,03-01-2024 20:38:00,,10320,307550351,344600595
26623,5,40710,03-01-2024 17:47:17,,20563,299305951,426603022
27269,5,19204,03-01-2024 22:10:25,,4775,198241372,199506174
27046,5,6008,03-01-2024 20:33:08,,10612,687256621,832561688
26814,5,72127,03-01-2024 19:09:10,,15650,380540346,533609700
25612,5,83035,03-01-2024 10:32:43,,46637,591544227,750897856
27132,5,69709,03-01-2024 21:13:33,,8187,126389882,156261095
25888,5,26185,03-01-2024 12:35:22,,39278,1312277285,1624183294
27296,5,95135,03-01-2024 22:21:22,,4118,1185484875,2509205458
24916,5,95341,03-01-2024 05:46:43,,63797,16094123927,37350300536
27379,5,30413,03-01-2024 22:56:05,,2035,2193437,2207485
26837,5,43120,03-01-2024 19:11:28,,15512,58947751,69240081
26877,5,87541,03-01-2024 19:32:02,,14278,7261708543,21334682040
26010,5,68248,03-01-2024 13:20:57,,36543,1337555483,1701990625
25988,5,39029,03-01-2024 13:17:25,,36755,1393750975,1552053354
27270,5,96796,03-01-2024 22:10:59,,4741,130600319,135097069
25937,5,27240,03-01-2024 12:55:59,,38041,1495185060,1666898736
27380,5,68105,03-01-2024 22:59:27,,1833,128454252,156613335
26401,5,24897,03-01-2024 16:04:44,,26716,142039695,153318725
26815,5,62590,03-01-2024 19:00:09,,16191,706764075,922333527
26198,5,83711,03-01-2024 14:48:53,,31267,71821951,75551572
26559,5,71348,03-01-2024 17:15:11,,22489,3585898607,10077082809
25786,5,83425,03-01-2024 11:58:11,,41509,881388289,1312582004
25854,5,87992,03-01-2024 12:27:28,,39752,1413782852,2016663323
27159,5,94783,03-01-2024 21:24:52,,7508,365179883,381564941
27405,5,97884,03-01-2024 23:04:12,,1548,88911422,89906163
25634,5,26995,03-01-2024 10:43:41,,45979,160377523,205584203
27210,5,63722,03-01-2024 21:44:44,,6316,3876737,5639716
26257,5,38499,03-01-2024 15:04:44,,30316,83927306,102901166
27430,5,55622,03-01-2024 23:19:58,,602,136596103,358144399
26143,5,89147,03-01-2024 14:13:30,,33390,226682042,264313834
27160,5,62856,03-01-2024 21:21:56,,7684,374941294,512096496
25635,5,84687,03-01-2024 10:47:25,,45755,2026239679,2755652044
24809,5,61012,03-01-2024 04:51:18,,67122,2279070165,2613077583
26988,5,10553,03-01-2024 20:14:43,,11717,1558963284,4246256838
25613,5,52458,03-01-2024 10:34:35,,46525,881029677,939140104
27297,5,36869,03-01-2024 22:24:59,,3901,24076267,30193203
25787,5,82648,03-01-2024 11:56:39,,41601,630922799,776693945
26575,5,36714,03-01-2024 17:28:22,,21698,306729333,368140806
27232,5,16711,03-01-2024 21:55:04,,5696,207425867,263048420
26706,5,22451,03-01-2024 18:27:17,,18163,44307105,48833883
27431,5,4771,03-01-2024 23:11:50,,1090,2489362,2513981
27406,5,81510,03-01-2024 23:06:26,,1414,33361581,35394800
25614,5,46609,03-01-2024 10:32:28,,46652,3909653854,4696075501
27133,5,15496,03-01-2024 21:15:54,,8046,80508229,83127177
27348,5,42109,03-01-2024 22:45:14,,2686,17215373,19738403
26098,5,32624,03-01-2024 13:50:53,,34747,568145184,762732986
24994,5,99244,03-01-2024 06:10:26,,62374,1150076483,1287101450
25969,5,82379,03-01-2024 13:08:07,,37313,14804005687,32674913802
27161,5,54318,03-01-2024 21:23:00,,7620,59940449,69911891
27090,5,84150,03-01-2024 20:52:03,,9477,297665152,345579247
27091,5,11417,03-01-2024 20:51:20,,9520,301707428,305796523
26418,5,70153,03-01-2024 16:10:54,,26346,12508668075,35510768969
25143,5,45211,03-01-2024 07:13:36,,58584,140673614,187487553
27298,5,36782,03-01-2024 22:23:04,,4016,1800507475,3632345766
26785,5,9419,03-01-2024 18:56:48,,16392,129296121,137395384
26707,5,64418,03-01-2024 18:22:24,,18456,25284238,27091460
26963,5,57534,03-01-2024 20:03:38,,12382,120164215,158973835
26330,5,81625,03-01-2024 15:35:50,,28450,5482592572,16391758215
25144,5,59534,03-01-2024 07:14:08,,58552,16935336201,42800483801
27092,5,97653,03-01-2024 20:57:47,,9133,1991351219,5296277847
27109,5,84953,03-01-2024 21:06:23,,8617,252782526,259977487
27110,5,40771,03-01-2024 21:02:15,,8865,18036084,22961114
26937,5,65682,03-01-2024 19:55:46,,12854,103023357,131331100
26662,5,96797,03-01-2024 18:07:28,,19352,145579715,201935270
26816,5,32254,03-01-2024 19:05:19,,15881,1779458700,3917250195
26964,5,99832,03-01-2024 20:04:36,,12324,754477695,814228341
26838,5,10373,03-01-2024 19:12:23,,15457,70437917,103477878
27319,5,85503,03-01-2024 22:39:19,,3041,117001820,131065926
26354,5,99143,03-01-2024 15:43:58,,27962,959326761,1408710365
25345,5,10283,03-01-2024 08:36:23,,53617,626867227,635419063
27320,5,50243,03-01-2024 22:37:32,,3148,1091580391,2245095628
26115,5,81712,03-01-2024 14:06:31,,33809,719718709,953358189
26076,5,77684,03-01-2024 13:47:22,,34958,338868717,352257664
26331,5,47151,03-01-2024 15:35:04,,28496,639176866,880861959
26708,5,26066,03-01-2024 18:29:26,,18034,229810571,340940030
26690,5,51370,03-01-2024 18:19:55,,18605,534723241,539104091
25098,5,58647,03-01-2024 06:55:28,,59672,16907356236,39565789500
26258,5,60790,03-01-2024 15:08:37,03-01-2024 23:21:19,29562,1151225114,1460302715
26989,5,69847,03-01-2024 20:19:40,,11420,175029673,241732053
24919,5,81261,03-01-2024 05:40:28,,64172,894449693,905388147
25752,5,52397,03-01-2024 11:36:33,,42807,222779733,249458925
26372,5,23478,03-01-2024 15:53:03,,27417,640266125,814630281
27111,5,47787,03-01-2024 21:09:52,,8408,26140643,29375655
26038,5,11499,03-01-2024 13:34:25,,35735,79230600,82380672
26259,5,94511,03-01-2024 15:09:57,03-01-2024 23:22:45,29568,725389199,877599204
27452,5,94511,03-01-2024 23:23:03,,417,37090878,47810666
26161,5,31598,03-01-2024 14:20:43,,32957,1217242170,1637039540
26116,5,85342,03-01-2024 14:01:58,,34082,811494505,1191618032
25121,5,45202,03-01-2024 07:08:05,,58915,933613366,948748236
27093,5,47766,03-01-2024 20:54:13,,9347,285363972,423008452
27233,5,30549,03-01-2024 21:58:58,,5462,89129037,96150497
26817,5,90515,03-01-2024 19:09:16,,15644,287447644,319439330
26624,5,16694,03-01-2024 17:46:06,,20634,769840317,1006250212
26419,5,80254,03-01-2024 16:11:47,,26293,852513879,943931066
26691,5,65039,03-01-2024 18:10:36,,19164,1437167034,1940217795
26201,5,52617,03-01-2024 14:44:13,,31547,72753057,92821655
26601,5,85385,03-01-2024 17:36:30,,21210,1672805103,1777585875
26625,5,5467,03-01-2024 17:48:58,,20462,27488955,35116756
24811,5,98349,03-01-2024 04:54:48,,66912,259102229,388058891
25940,5,32875,03-01-2024 12:54:47,,38113,132563412,173621774
26011,5,6693,03-01-2024 13:29:37,,36023,513584327,550965242
24920,5,49429,03-01-2024 05:42:47,,64033,596440880,878903871
27211,5,23238,03-01-2024 21:41:22,,6518,499736547,651379918
26839,5,35857,03-01-2024 19:10:41,,15559,138033515,172065263
27349,5,46562,03-01-2024 22:47:52,,2528,58398212,68879433
26709,5,17343,03-01-2024 18:23:29,,18391,879259705,1154922250
26420,5,57670,03-01-2024 16:14:40,,26120,723577361,1027600879
26421,5,23833,03-01-2024 16:10:30,,26370,1645809126,2364944653
26863,5,31889,03-01-2024 19:27:54,,14526,60055331,61733076
27381,5,55088,03-01-2024 22:59:21,,1839,107655533,109852563
26463,5,70939,03-01-2024 16:38:44,,24676,4323625207,11263969148
27047,5,28895,03-01-2024 20:30:36,,10764,346725154,367977233
25914,5,76671,03-01-2024 12:45:02,,38698,13844701590,31729744788
26692,5,98670,03-01-2024 18:17:43,,18737,678733475,937751288
26447,5,29007,03-01-2024 16:25:16,,25484,6915140512,18652601733
27162,5,16054,03-01-2024 21:28:15,,7305,1430532838,3039445929
25753,5,9428,03-01-2024 11:36:01,,42839,3089236459,2008827400
27382,5,71754,03-01-2024 22:55:14,,2086,35772664,36698564
27383,5,27313,03-01-2024 22:52:06,,2274,85770014,110401919
26373,5,78118,03-01-2024 15:59:19,,27041,1940673317,2165326604
26763,5,53405,03-01-2024 18:40:05,,17395,370144479,530271640
26710,5,25787,03-01-2024 18:23:06,,18414,154504037,211460885
26576,5,63709,03-01-2024 17:27:11,,21769,340139924,388044322
26374,5,10446,03-01-2024 15:50:15,,27585,3592708799,9347432440
26663,5,85496,03-01-2024 18:03:57,,19563,436612853,515359879
26402,5,19819,03-01-2024 16:07:37,,26543,393693116,478911091
26864,5,3986,03-01-2024 19:20:53,,14947,78490348,112614651
25565,5,8359,03-01-2024 10:14:07,,47753,713810481,716038635
25754,5,60424,03-01-2024 11:38:59,,42661,757666765,1132854434
25478,5,98562,03-01-2024 09:32:58,,50222,567200394,673607341
27432,5,74201,03-01-2024 23:19:42,,618,143797049,283572720
25146,5,51282,03-01-2024 07:15:18,,58482,815673781,1192722489
26260,5,7570,03-01-2024 15:00:36,,30564,882926750,928417558
27433,5,7877,03-01-2024 23:12:37,,1043,295311621,654281818
27249,5,23223,03-01-2024 22:02:07,,5273,9586473,12326651
26602,5,88599,03-01-2024 17:36:15,,21225,178893607,195740297
27384,5,92839,03-01-2024 22:53:07,,2213,523718371,982981559
25207,5,4253,03-01-2024 07:32:14,,57466,1766211824,2093542805
26764,5,88171,03-01-2024 18:47:19,,16961,129156528,176969983
26529,5,22140,03-01-2024 17:02:18,,23262,388592881,535006303
27250,5,98805,03-01-2024 22:00:55,,5345,18360653,20937737
26332,5,98114,03-01-2024 15:31:08,,28732,646911392,663025059
26818,5,71491,03-01-2024 19:02:50,,16030,261355116,286695827
25276,5,79791,03-01-2024 08:09:40,,55220,928668703,1011412021
27163,5,31426,03-01-2024 21:20:24,,7776,54909282,70864027
26422,5,65226,03-01-2024 16:18:40,,25880,11722903598,32154262259
26287,5,73988,03-01-2024 15:19:38,,29422,2236331403,2348445020
25637,5,11308,03-01-2024 10:49:20,,45640,9628124809,27811812803
26204,5,49967,03-01-2024 14:41:11,,31729,171259738,242887272
26938,5,25399,03-01-2024 19:55:35,,12865,397624650,432964941
27134,5,85083,03-01-2024 21:17:49,,7931,32787174,41986091
26965,5,84145,03-01-2024 20:05:53,,12247,1957834659,5803083840
24891,5,93104,03-01-2024 05:37:24,,64356,1606081731,1825338360
25541,5,35010,03-01-2024 10:07:26,,48154,1434299680,1618072194
25733,5,89655,03-01-2024 11:27:17,,43363,2295505872,2310020388
26711,5,20846,03-01-2024 18:26:18,,18222,883671654,925598114
26898,5,93045,03-01-2024 19:46:41,,13399,258686416,264702135
25616,5,93459,03-01-2024 10:34:39,,46521,288431489,362208072
26230,5,97186,03-01-2024 14:53:55,,30965,549955016,666437705
26162,5,86401,03-01-2024 14:28:07,,32513,308326841,412788120
27453,5,19884,03-01-2024 23:25:05,,295,91551756,244471970
26375,5,27639,03-01-2024 15:51:36,,27504,1960767033,2491105123
26448,5,44026,03-01-2024 16:24:52,,25508,46528334,64579661
25300,5,38130,03-01-2024 08:16:29,,54811,659722254,870260078
25591,5,26588,03-01-2024 10:27:34,,46946,5069588243,3412525221
27112,5,99136,03-01-2024 21:05:32,,8668,269432538,332149163
26842,5,60168,03-01-2024 19:17:26,,15154,61379038,66046587
25943,5,60755,03-01-2024 12:54:06,,38154,264227374,381810216
27454,5,28989,03-01-2024 23:29:53,,7,0,0
27251,5,63706,03-01-2024 22:05:21,03-01-2024 23:21:19,4558,28967121,34902774
26664,5,85679,03-01-2024 18:04:12,,19548,1128104053,1207268448
25755,5,92163,03-01-2024 11:30:43,,43157,81946257,91629838
26878,5,23212,03-01-2024 19:38:51,,13869,267808652,285487764
27048,5,42983,03-01-2024 20:33:24,,10596,313451210,391659444
26712,5,58663,03-01-2024 18:22:32,,18448,833056485,1081837272
25301,5,87375,03-01-2024 08:12:04,,55076,2354523547,2961698333
26355,5,79089,03-01-2024 15:45:34,,27866,1652549947,2105493744
26713,5,35333,03-01-2024 18:21:20,,18520,168122335,202432565
26603,5,74761,03-01-2024 17:35:40,,21260,1419424044,1739776321
27234,5,55462,03-01-2024 21:57:56,,5524,43600829,55406078
26765,5,62474,03-01-2024 18:45:45,,17055,214649094,262976117
27252,5,76712,03-01-2024 22:08:42,,4878,971309215,1805403974
26966,5,40796,03-01-2024 20:09:21,,12039,399850097,415409655
25520,5,34384,03-01-2024 09:57:08,,48772,1581645443,2074093535
25915,5,92374,03-01-2024 12:41:59,,38881,1079666126,1486232485
26967,5,56627,03-01-2024 20:01:00,,12540,17302739,23316821
27271,5,30875,03-01-2024 22:10:12,,4788,81108551,85085217
26879,5,22263,03-01-2024 19:32:01,,14279,57944513,66370845
27407,5,50779,03-01-2024 23:03:13,,1607,118989616,259230760
27408,5,23798,03-01-2024 23:05:56,,1444,8902574,9078003
26531,5,89261,03-01-2024 17:08:03,,22917,403620510,493268515
26532,5,25879,03-01-2024 17:04:03,,23157,959750007,1170990474
27272,5,16108,03-01-2024 22:14:10,,4550,60601616,64136639
25505,5,63953,03-01-2024 09:48:32,,49288,1625305490,2325020311
25374,5,86956,03-01-2024 08:46:31,,53009,756101048,965826372
26939,5,97795,03-01-2024 19:59:59,,12601,210999714,268582680
26464,5,72303,03-01-2024 16:37:53,,24727,1595817986,1629920960
27299,5,84631,03-01-2024 22:20:45,,4155,52929359,59373124
25302,5,12069,03-01-2024 08:11:17,,55123,344173421,503130046
26899,5,55412,03-01-2024 19:42:44,,13636,194827591,218942527
26423,5,66383,03-01-2024 16:16:19,,26021,2516366119,3532758547
26502,5,76565,03-01-2024 16:51:00,,23940,106355612,148906811
26040,5,98510,03-01-2024 13:34:45,,35715,2197455960,2907417754
26485,5,77868,03-01-2024 16:41:20,,24520,363763974,468379866
25457,5,82831,03-01-2024 09:21:19,,50921,10578897760,31222368230
27049,5,57419,03-01-2024 20:30:28,,10772,152803037,170819140
27321,5,56364,03-01-2024 22:35:17,,3283,82745962,92842488
27135,5,16768,03-01-2024 21:15:34,,8066,529353513,540449351
27322,5,84818,03-01-2024 22:34:18,,3342,21693618,28401089
26665,5,59288,03-01-2024 18:09:37,,19223,817130776,1171712576
26533,5,32344,03-01-2024 17:09:09,,22851,532047836,771284147
27455,5,87940,03-01-2024 23:23:04,,416,7876502,8822903
27385,5,84122,03-01-2024 22:54:56,,2104,10815573,14331806
25617,5,12651,03-01-2024 10:32:50,,46630,138193992,177318453
27386,5,67564,03-01-2024 22:56:44,,1996,107930619,145781397
26694,5,35644,03-01-2024 18:15:56,,18844,524377116,721322013
26465,5,96628,03-01-2024 16:36:29,,24811,918171602,1160913912
27066,5,74842,03-01-2024 20:45:48,,9852,466672487,633232110
26900,5,18012,03-01-2024 19:44:15,,13545,376138399,421346996
27184,5,75647,03-01-2024 21:31:42,,7098,1085487667,2798194909
26232,5,60742,03-01-2024 14:55:17,,30883,1148410975,1213977187
26991,5,18743,03-01-2024 20:12:23,,11857,132055211,154558236
26766,5,91484,03-01-2024 18:47:01,,16979,452997533,619557483
26626,5,33558,03-01-2024 17:46:40,,20600,958355295,1032981744
25790,5,33760,03-01-2024 11:52:53,,41827,570731155,614145690
26334,5,77288,03-01-2024 15:37:25,,28355,1448207212,2034422617
26738,5,10074,03-01-2024 18:35:35,,17665,345974555,378392097
26968,5,98119,03-01-2024 20:07:40,,12140,234617565,290156792
27273,5,63379,03-01-2024 22:18:34,,4286,69063340,70426602
25858,5,11231,03-01-2024 12:28:32,,39688,817659697,865668037
26041,5,25193,03-01-2024 13:36:43,,35597,338508616,351623860
27323,5,49252,03-01-2024 22:36:19,,3221,70336716,88092956
27185,5,12648,03-01-2024 21:37:51,,6729,54671667,56380120
25184,5,71593,03-01-2024 07:21:41,03-01-2024 23:23:45,57724,1587364616,1711615209
27456,5,71593,03-01-2024 23:24:07,,353,16010581,16657967
25813,5,32947,03-01-2024 12:06:36,,41004,181189560,258696587
26560,5,82311,03-01-2024 17:15:35,,22465,4086889227,8825682370
26627,5,71078,03-01-2024 17:45:20,,20680,471629486,473835879
27235,5,61807,03-01-2024 21:55:56,,5644,46333019,58512102
27324,5,22636,03-01-2024 22:33:56,,3364,108749496,137825781
27136,5,48458,03-01-2024 21:17:16,,7964,55640654,67287562
26714,5,31073,03-01-2024 18:29:30,,18030,3599780119,8861014884
27050,5,77671,03-01-2024 20:32:17,,10663,601095970,752766293
26628,5,80594,03-01-2024 17:45:32,,20668,469739950,487894701
26503,5,92263,03-01-2024 16:51:52,,23888,1512586221,1540551576
26376,5,62805,03-01-2024 15:57:12,,27168,300324662,354903852
26880,5,59924,03-01-2024 19:34:28,,14132,6069881204,12286759097
25859,5,34535,03-01-2024 12:27:30,,39750,137902764,187515811
